-2.838658478721538207e-06
8.997580494436283130e-09
-2.304928511645118311e-09
2.426536718754447562e-06
-3.332934371095604142e-02
-9.069200414864721186e-09
1.563605526377236241e-08
3.514536968654827752e-03
1.283931875756506786e-07
-1.475229470528123879e-02
-3.035477282696695886e-09
-1.814699910603900248e-07
6.928608882314422669e-08
6.604435269038681777e-02
3.843619529004550196e-08
3.212016370484623018e-02
1.640794162344266086e-07
-4.849231447877740989e-07
-3.928748509633450509e-08
-2.429805243457066471e-02
3.325351371047416460e-08
1.080791769992043849e-01
-2.236595056913242934e-08
1.809928931269857598e-03
5.506979854088741831e-08
-3.621719373409684056e-03
-5.456005063149930220e-09
-1.192494821081798578e-06
5.287838101546298790e-08
5.122771287289447916e-08
-8.944061774115652909e-10
-2.612295011265812723e-08
