-1.127405662857553701e-08
-8.177088663698414329e-06
2.337871924857993448e-06
-3.547899965854868033e-08
1.510010568088833456e-08
-3.295054808967177312e-02
3.390753368599935987e-03
-4.629674366022194340e-09
1.581799021176103588e-08
-7.076979046339496046e-09
-1.466793951933645884e-07
-1.490576798005046992e-02
2.367381594181459205e-08
-3.536335310855547164e-08
2.945007625239695961e-02
6.955440124536098334e-02
-3.601853730329875612e-08
4.923065431695603779e-08
-2.190347164691862358e-02
-6.701743749064182780e-07
1.221803252403734191e-08
7.140010390718570058e-09
6.700265967969031271e-04
1.070117758570230670e-01
-1.097809245656729257e-08
2.350686143278314181e-08
-1.023032135472479480e-03
-1.204834497045296875e-02
6.665069471949849928e-09
4.979312105858819043e-09
6.871075185413491719e-08
-1.609925021833675564e-07
