-1.226367825264901290e-02
2.260883045565666192e-09
-1.508231221030094560e-09
2.977871902327240843e-06
-2.035388090195164659e-02
2.716925664328389550e-08
8.787177411245935512e-09
2.841703659598018242e-03
2.397185762077904710e-08
-1.735012604910876610e-02
1.371118931710339543e-09
-1.439011160693897165e-07
-3.963371872799914795e-08
6.452970487491258011e-02
4.734096977883101925e-08
2.853344990913895055e-02
4.262834389783399619e-08
-3.406378087111892982e-06
-3.761194618417321481e-08
-2.183547385829511314e-02
4.280467316045397411e-09
9.903032398771588474e-02
2.261679901817338512e-10
2.216454756647624411e-03
3.658064988394166586e-08
-1.509723302314570220e-02
-1.716485400092910742e-08
-5.478442989310882381e-03
3.573277831083638388e-08
-4.594497180514794531e-04
1.042605199374013888e-08
1.301653110029850941e-07
