-5.866789143678029964e-06
-2.053095426892522718e-08
-1.055080745223902106e-08
2.654138597696275761e-06
-3.308754878695888135e-02
-6.056014196276023941e-09
8.823555953551926817e-09
3.405519038732146911e-03
1.549590389013731651e-08
-1.469921138575105458e-02
8.762281629095536815e-09
-1.106022788635370824e-07
-2.418439858680660294e-08
6.993411460612562747e-02
3.244328236386372036e-08
2.948096250550746172e-02
4.226569431863144548e-08
-6.214970139955245635e-07
-2.480148162005382219e-08
-2.190222977818246861e-02
1.167913774131198137e-08
1.075723794129536254e-01
1.500879289134809852e-08
5.976768270121335814e-04
1.986019090983508166e-08
-1.179697674214883266e-02
1.078299756797378409e-09
-6.943477263631435675e-04
2.275223170015699913e-08
-8.218696895845515158e-08
1.388524572614661883e-08
9.472060674370898819e-08
