-3.937070784539144856e-08
-2.678613629434207152e-06
2.399540621598918291e-06
8.062321304605325921e-10
6.597897129801175942e-09
-3.332809509835877454e-02
3.423809424121387196e-03
-1.910005318517566881e-08
3.793285757639581280e-08
6.626769146599584989e-08
-1.325841713319616646e-07
-1.432143935306827778e-02
6.006297068706324147e-08
-4.231260494824228296e-08
2.961969903694024880e-02
7.064953881751936948e-02
-4.186534700737204482e-08
6.454595190102192271e-09
-2.193576706039307087e-02
-4.912536370756790252e-07
-2.823249968678275207e-08
-1.826322531450957860e-08
2.629984800578574170e-04
1.090373131758753528e-01
-1.083124845876185121e-09
3.332632261335799119e-08
-4.081545305726201294e-06
-1.112337333190357297e-02
-2.537491223985047393e-08
3.407839829321952978e-08
5.935691842856886673e-08
5.430865168142686035e-08
