-1.608249529334092880e-07
-1.059885366153303331e-02
1.890702788950497080e-06
-6.368919020669407474e-08
4.675871607906522917e-08
-2.291905814973150407e-02
3.057773778063144904e-03
7.075988741787088658e-08
1.115997231541475501e-07
1.449420381336301750e-07
-6.427265699802988977e-08
-1.510867080203212066e-02
-2.811932758556100033e-08
6.221913595146746040e-08
2.941204946138704576e-02
6.927652969049521992e-02
-1.969420515427352531e-08
-1.187672553576702954e-08
-2.184255441611301224e-02
-7.032042695651446420e-07
-3.535432139191591095e-08
-1.699637276931282533e-08
6.091512991459236857e-04
1.073088523113942816e-01
-6.181963701823597128e-08
-4.704299150850077175e-08
-1.105867951375934374e-03
-1.162934975942919724e-02
-2.518426237049774317e-08
-4.855795385925785484e-08
1.544236086839214680e-07
-2.085180524069262926e-07
