-5.267092039101745983e-06
-2.086272034277942360e-08
-1.137203083343787041e-08
2.343235022080986149e-06
-3.306268598487691751e-02
3.135697494833416273e-08
6.182135673669550483e-09
3.390606180683171551e-03
1.820599178759492959e-08
-1.480967605871713784e-02
1.173646021598712927e-08
-1.117780569199727292e-07
-1.745460693833102868e-08
6.988033528881898437e-02
3.079712744051928878e-08
2.946667181892566670e-02
5.792376663856854489e-08
-6.246982271519597781e-07
-2.387846067781838765e-08
-2.182424461239050248e-02
3.361998565902763630e-08
1.077577440067768594e-01
-1.126654330375352153e-08
5.484172666252412447e-04
2.538129678581510592e-08
-1.161350507762266837e-02
-1.275568174486817198e-08
-6.856736725780733467e-04
2.701896092800033609e-08
-8.540438745909302465e-08
-9.841052746997170280e-09
7.928353769668936209e-08
