-5.413558183536822976e-06
-2.040765395555683181e-08
-1.179236574283198097e-08
3.296548849362632773e-06
-3.313184311582534347e-02
1.799583714256272119e-08
8.927480347922034182e-09
3.408649463451775361e-03
1.383912967208561467e-08
-1.462606240873596392e-02
-1.796995694041686291e-10
-1.280676089168859146e-07
-5.148219807279548977e-09
6.986357909066497063e-02
8.968234896177299020e-09
2.961762971544628850e-02
4.958083806161671068e-08
-6.477472591900213297e-07
-1.107806840289810533e-08
-2.205155721021877235e-02
4.758983317663116277e-09
1.077317926207369547e-01
2.960670088306314671e-08
4.728025464558393773e-04
3.463518246689831544e-08
-1.179131329172825558e-02
1.448012414919991815e-08
-5.702086483465513590e-04
1.726938449356243624e-08
-8.490138513769824923e-08
2.452571438273991600e-08
9.047660595817227918e-08
