-1.657612404724648416e-08
-2.995744257737983273e-06
2.390815789294969948e-06
-1.788604771863499530e-08
6.223527005269697804e-09
-3.337130613898654091e-02
3.506935108730783578e-03
3.212041051098152334e-08
-2.907693675435794656e-08
1.458569852787310464e-07
-1.555367355446387870e-07
-1.475017884322729449e-02
3.460785607155228272e-08
5.471213989671198065e-08
3.211551937484490721e-02
6.601967748745614373e-02
-4.071317179500259877e-08
1.637301859791188221e-07
-2.430525106558943660e-02
-4.565405271691418815e-07
-1.300029430631597408e-08
3.243658329469398286e-08
1.804344373794322144e-03
1.080682796848627808e-01
-1.196319643277462705e-08
5.772502853480287640e-08
-1.199421268009747202e-06
-3.623885388827737669e-03
-9.973282326945406825e-09
4.876409063988869876e-08
-5.395962985819959995e-08
5.186144715533543712e-08
