-2.731652019291733126e-06
-1.288136304522218204e-08
-2.337628166900597504e-09
2.361402804045688497e-06
-3.335098982605345930e-02
1.126807506182289943e-08
1.481968492521787996e-09
3.520646621753657345e-03
1.258188479619903240e-07
-1.475597155158485212e-02
-1.651733975387822625e-08
-1.524340864310607790e-07
7.427208226438826961e-08
6.601741152620341224e-02
4.544058203570263277e-08
3.213228849448064584e-02
1.684437655077345944e-07
-4.642004436473333426e-07
-2.502922522645531153e-08
-2.430994578341150181e-02
4.947334006746310199e-08
1.080761383309697121e-01
1.223248673143077340e-08
1.808247037203909464e-03
7.132926285763979869e-08
-3.614768477751795564e-03
-1.349136462633090120e-08
-1.191474970919687189e-06
5.947913299657807836e-08
4.141532624596761649e-08
3.001135369649408277e-09
-4.157602701146414744e-08
