-4.214887520371456441e-09
-2.737686296499705720e-06
2.569455576578889765e-06
-1.159581445909228789e-08
4.696560417327808719e-09
-3.336526035288815695e-02
3.513311386890205501e-03
1.269224284990817725e-08
-1.622561051152125853e-08
1.286182495049992670e-07
-1.668219884981831353e-07
-1.469817015674062567e-02
4.622992735126341603e-08
7.743058003085331946e-08
3.209767614494849625e-02
6.607609516886227274e-02
-2.395323064185221907e-08
1.700203470980518701e-07
-2.431513515669331965e-02
-4.655004010141993474e-07
9.247390862228452237e-09
5.137505787358670564e-08
1.832263420025187365e-03
1.080227461429320857e-01
-1.693690563975128044e-08
7.010627442295843167e-08
-1.194667037507303638e-06
-3.659286869815234905e-03
5.181870876333735561e-09
6.084517284852110651e-08
-4.456287106910030791e-08
3.914873870834943847e-08
