-2.949778390451209234e-06
-1.042572896536636282e-08
-7.105036973846179381e-09
2.697828711369322347e-06
-3.338245154804996007e-02
1.009773605053864502e-08
9.928688971853587396e-09
3.527215408936865918e-03
1.280687146900582620e-07
-1.473428997030146355e-02
-1.887604771530500861e-08
-1.545413402221131581e-07
8.024206485314508938e-08
6.602522114063062719e-02
4.547455355933971055e-08
3.213037517320044972e-02
1.613624180916063686e-07
-4.785809540055328268e-07
-3.176805962351279035e-08
-2.430891127112171785e-02
4.640309771085035479e-08
1.080343909205348646e-01
9.582509598836692588e-09
1.808023605566474101e-03
7.295050820137613204e-08
-3.671908423761837889e-03
-1.253614931092137498e-08
-1.244065312678080404e-06
6.183540197092591164e-08
3.304720853370839745e-08
4.959823772662421405e-10
-4.402143376040063092e-08
