3.600155517320808735e-09
-2.527421995286314070e-06
2.601474277604038853e-06
-1.844649803944021824e-08
-3.005956708685712427e-09
-3.341118621634357744e-02
3.534952957235528315e-03
1.585354601228041776e-08
-6.847339793283772355e-09
1.283234127162715107e-07
-1.680387328393359000e-07
-1.471957836767029230e-02
4.429625956199317350e-08
7.718825441057571366e-08
3.212787837428934812e-02
6.604761300947660507e-02
-3.489449410928524299e-08
1.652501109398258064e-07
-2.431884342253198134e-02
-4.602104482783907190e-07
5.899085662028458049e-09
5.282444048515425887e-08
1.778231000298090237e-03
1.081003383501927817e-01
-1.802461261007823941e-08
7.118090243951734534e-08
-1.182597388647952004e-06
-3.644588203495151973e-03
1.043313898013747558e-08
6.352978275768751867e-08
-5.513196388250761856e-08
4.937593228356759538e-08
