-5.514095390769193342e-09
-8.463658117478719693e-06
3.564382734382246027e-06
-4.769047818305577669e-08
-6.504458000374381406e-09
-3.294913635077217906e-02
3.351023847136306265e-03
4.050036700253576506e-08
8.492669773937860935e-09
-3.007106742124489331e-08
-1.055227369403803653e-07
-1.508403141662054484e-02
-1.163255992716518307e-08
4.547865187524370818e-08
2.943041786615807273e-02
6.933734501559556118e-02
7.382673772340733929e-09
-3.515018005760846923e-08
-2.185741022363751201e-02
-6.180591335784914697e-07
6.450535967140812965e-08
1.220133077812374635e-07
6.555663927072302374e-04
1.071868600868862847e-01
-3.165485930472111453e-08
5.853331642283319621e-08
-1.129920079130248113e-03
-1.180050521900719712e-02
-2.258037284042135928e-08
-1.404296619028425538e-09
1.098301300393076160e-07
-5.318594356082394449e-08
