-2.801882443120636723e-06
-1.381787183943140256e-08
-2.801701020951543441e-09
2.538903377360544046e-06
-3.336071326215595684e-02
1.344292920678789764e-08
2.743886981813057803e-09
3.516328665327661876e-03
1.270554939859043267e-07
-1.474981905271476913e-02
-1.785131114997805449e-08
-1.582214794769704084e-07
7.503843672239097043e-08
6.602208577130520839e-02
4.415709087406499644e-08
3.213087462352072488e-02
1.683521982264900733e-07
-4.707458170679697056e-07
-2.754165066318705696e-08
-2.430326956955793788e-02
4.614605914266670960e-08
1.080667011991529869e-01
1.010750889089136589e-08
1.814514240051662286e-03
7.008559015775380306e-08
-3.627037312319822404e-03
-1.799002544066323519e-08
-1.215533175849222748e-06
6.142161153988376320e-08
3.979733410812612761e-08
7.486891846380236704e-09
-4.595442870967731016e-08
