-1.758510634204193821e-05
-2.882861979256152954e-08
2.195500758415308674e-09
2.210741060978040293e-06
-3.301997013065416375e-02
1.438956259705586701e-08
8.298580213102589459e-09
3.422086413799140751e-03
2.519307031484711138e-08
-1.470533363009347318e-02
7.013774586122722650e-09
-1.102472717875851292e-07
-1.894618487919278530e-08
6.999574566035224321e-02
2.409829600843514801e-08
2.947575374497720183e-02
5.002381607693912542e-08
-6.186938391555828987e-07
-2.549515322373789340e-08
-2.185517647997959820e-02
1.719205673757802037e-08
1.076013704197281567e-01
8.567915564614520924e-09
5.955112391952073264e-04
2.005015762885484388e-08
-1.181278804254273958e-02
-6.213186867347779826e-09
-6.722080517206723265e-04
2.869272314930205924e-08
-8.457293744570093697e-08
2.061789076856240326e-10
8.387626793275579687e-08
