-2.388844722815031002e-09
-1.366164164118252762e-02
1.033124097163710492e-04
-1.779442448509749262e-08
6.755797837017398957e-09
-1.721249294376069397e-02
2.538502000778862858e-03
7.908247484162765139e-09
-2.602260065255630911e-09
-6.966465367057711207e-09
-1.958856589237140870e-07
-2.556506440694618701e-02
3.736437933578512344e-08
-4.758819836218762147e-08
2.445476825846991040e-02
4.768963126108891060e-02
-3.767592478457947588e-08
4.370763786055143770e-08
-2.180249300396777667e-02
-1.042947539469711755e-02
-5.868154210153750733e-09
1.545511972779972575e-08
3.787077315857270265e-03
7.422742135780370509e-02
-1.722252857792610307e-08
3.608168104926497740e-08
-9.664002460817744736e-03
-3.042799827425301737e-02
1.574003053584026236e-08
2.619317790443366541e-08
3.059155981073007528e-07
-1.614578819148416652e-02
