-9.701559872391756952e-09
-1.553614971207318462e-05
2.636789254166847368e-06
-2.446507076955479412e-08
9.691453649174364967e-09
-3.292463447519541203e-02
3.378576052299764668e-03
2.270379615891574941e-08
1.032855707694198852e-08
9.727662253720362454e-09
-1.125922524400458659e-07
-1.484332731647798262e-02
2.911642994644501731e-08
-9.450445391034210800e-09
2.948696641591908724e-02
6.957753900415801496e-02
-2.540159742706869026e-08
5.095887836422539227e-08
-2.189791895231259916e-02
-6.775499527555799780e-07
4.324439020299267522e-09
7.071255534654799234e-09
6.794171409406771830e-04
1.070709224360003736e-01
-2.371173653731534949e-08
2.426056772181267417e-08
-9.784086813734267033e-04
-1.204555330102330228e-02
-7.995081514449655117e-09
2.253322488356537829e-08
8.624108879346997119e-08
-1.643524087611994584e-07
