JOB 0
COORDS  2.8293260587e-01  5.1962527741e+00  2.9107196185e-02  1.4605374296e+00  4.4645406257e+00  2.0027862619e-01 -8.8191007782e-01  4.5466237050e+00 -3.9222737520e-01  1.4734836099e+00  3.0886956113e+00 -4.6731733624e-02 -8.7444762912e-01  3.1745333015e+00 -6.4762605656e-01  2.1705373996e-01  9.8895260326e-02 -4.9055549016e+00 -5.8322374945e-01  1.0942376441e+00 -4.3381630373e+00  1.0532420203e+00 -6.0370675700e-01 -4.0409347888e+00  3.0762137977e-01  2.4411932024e+00 -4.7441215225e-01  2.6997071129e-01  6.2592321544e-01 -2.2922244523e+00 -8.0791550969e-01  2.2869241219e-01 -2.6005524297e-02  1.1611932786e+00 -6.3802203781e-01  6.9636717941e-01  3.3430512675e-01  9.3947540268e-01 -7.8368284813e-01 -9.0284351237e-01 -1.4460039557e+00  1.8884412204e+00 -5.5016431507e-01  1.3688981217e+00 -3.0274374403e+00  1.0829853032e+00 -3.4583546788e-01 -2.7210895696e+00 -1.7214312925e-01 -6.4167313421e-01  9.0853510829e-01  1.5254936938e+00  2.8898360852e-01 -2.0402463568e-01  2.0082897461e+00 -1.4566272598e+00  1.3165818661e+00 -1.9971210781e+00  3.5233956763e-01 -1.2998263332e-01  2.7193961105e-01  6.2648208152e+00  2.2436233954e-01  2.3699738726e+00  4.9601723012e+00  5.2764625812e-01 -1.8016809389e+00  5.1089491650e+00 -5.2510658071e-01  2.3932120579e+00  2.5316773958e+00  9.8908072126e-02 -1.7790890072e+00  2.6825738268e+00 -9.8308947463e-01  1.9402263247e-01 -1.1217546426e-01 -5.9694404358e+00 -1.2602994468e+00  1.6934252575e+00 -4.9433011135e+00  1.7166516939e+00 -1.3873451715e+00 -4.3996248392e+00 -8.1423022127e-01 -2.5118312576e+00  1.6603061822e+00 -5.4159277111e-01 -1.2330293113e+00  2.8977124667e+00 -1.9517471177e+00 -1.1576313841e+00  1.8157928468e+00  2.2715010125e+00  5.4930967259e-02 -8.5705302696e-01  1.6819504099e+00 -2.1568306055e+00  1.9714035964e+00  3.0086413868e+00 -1.3669485680e+00  1.1809008812e+00
ENERGY -8.908627253311e+02

JOB 1
COORDS  8.1265559897e-01 -3.9629321520e+00 -3.3065740219e+00  6.3194015521e-01 -4.2808964788e+00 -1.9561425712e+00  1.0264303536e+00 -2.6354760790e+00 -3.6836847195e+00  6.7147853517e-01 -3.2825053544e+00 -9.8293519314e-01  1.0583002505e+00 -1.6295601907e+00 -2.7131342802e+00  4.2227500936e+00 -9.9564748751e-01  2.3473444264e+00  3.7984156661e+00 -2.1342805943e+00  1.6602965294e+00  3.5145214833e+00  1.8207282374e-01  2.1086564240e+00  8.8736133682e-01 -1.9495560504e+00 -1.3607369428e+00  2.1621762032e+00 -9.3007070953e-01  6.5614679632e-01 -3.3599425543e-01 -8.6249239125e-01  5.7041299183e-01 -1.4362004488e-01  1.1912885677e+00 -3.7255262907e-01  9.4578133577e-01 -8.5795506972e-01 -2.9691522488e-01 -2.1843575719e+00  8.1581758207e-01  1.0509237305e+00  2.7639141996e+00 -2.1034123643e+00  8.0647087724e-01  2.4744346789e+00  2.2399299008e-01  1.2598215097e+00 -9.2924582702e-01  4.2060951745e-01  4.1143319266e-01  8.7784394943e-01  4.9449675980e-01 -8.8535848125e-01 -3.8425371514e-01  2.4781625229e+00 -6.1320038827e-01 -7.8759495137e-01 -1.7362222473e+00  1.2590878394e+00  7.8380540653e-01 -4.7452129364e+00 -4.0597235197e+00  4.6167804312e-01 -5.3111364799e+00 -1.6571468446e+00  1.1639418125e+00 -2.3781685125e+00 -4.7299768544e+00  5.3691685576e-01 -3.5409423991e+00  6.0269740350e-02  1.2097031685e+00 -6.0121008163e-01 -3.0254026492e+00  5.0619380454e+00 -1.0247377858e+00  3.0343852270e+00  4.2931688787e+00 -3.0946657713e+00  1.7888577636e+00  3.7774865837e+00  1.1141146139e+00  2.6041743829e+00 -2.0118973521e+00  1.6084188273e+00  1.7843270791e+00 -2.9120899269e+00  1.1322156668e+00  2.9928407910e-01 -2.5661305588e+00 -6.4584442266e-02  1.5683276922e+00  1.7404119131e+00  9.7194588506e-01 -1.1234413299e+00  2.0539346109e-01  3.0135271642e+00 -1.2395403212e+00 -1.1643102711e+00  2.9565453128e+00 -1.7957295790e-01
ENERGY -8.908613155971e+02

JOB 2
COORDS  7.6630518466e-01 -4.0046982798e+00 -3.2680063185e+00  6.8310619878e-01 -4.3070340159e+00 -1.9040144930e+00  9.1066899871e-01 -2.6772778127e+00 -3.6756118604e+00  7.5205605961e-01 -3.2918871584e+00 -9.5111717568e-01  9.7188430674e-01 -1.6544054593e+00 -2.7235923748e+00  4.1756682030e+00 -9.8189085657e-01  2.4194144663e+00  3.9703337263e+00 -2.0179584424e+00  1.5087158363e+00  3.2799784532e+00  8.8524288609e-02  2.3676236605e+00  9.0031061240e-01 -1.9585193691e+00 -1.3595019767e+00  2.1699107327e+00 -9.3283469666e-01  6.6475845326e-01 -3.1918923024e-01 -8.3651212001e-01  5.4719872955e-01 -8.4452179524e-02  1.2107894493e+00 -3.9851050804e-01  9.7151103537e-01 -8.6017537493e-01 -3.0899204212e-01 -2.1279252617e+00  8.8118904132e-01  1.0303190476e+00  2.9601721206e+00 -1.9967095752e+00  6.2283480518e-01  2.2697802987e+00  1.2195955118e-01  1.4865443197e+00 -8.9016917264e-01  4.5395505991e-01  3.7881525148e-01  9.2757738526e-01  4.9459683395e-01 -8.9822148265e-01 -3.0442933181e-01  2.5007177677e+00 -6.4484398562e-01 -7.8843047805e-01 -1.7023798138e+00  1.2339945722e+00  7.1573546263e-01 -4.7993251793e+00 -4.0069344728e+00  5.6671430443e-01 -5.3372820469e+00 -1.5803591551e+00  9.7149807146e-01 -2.4326398037e+00 -4.7321250660e+00  6.8952144615e-01 -3.5376057115e+00  1.0267553141e-01  1.0679840439e+00 -6.2677031091e-01 -3.0596356000e+00  4.9910092925e+00 -1.0056065791e+00  3.1348565594e+00  4.6227983243e+00 -2.8879143315e+00  1.4781168046e+00  3.3684243183e+00  9.3659814958e-01  3.0433006148e+00 -1.9270022804e+00  1.6683263206e+00  1.7624557494e+00 -2.8556970997e+00  1.2162788122e+00  2.8682611863e-01 -2.5268093130e+00  1.0470610960e-02  1.5511643867e+00  1.7774183489e+00  9.4214630318e-01 -1.2214864546e+00  3.0266558408e-01  3.0291532266e+00 -1.2600425230e+00 -1.0841656195e+00  2.9892879030e+00 -2.2216599802e-01
ENERGY -8.908608911768e+02

JOB 3
COORDS  6.9627635182e-01 -4.0116483844e+00 -3.2381875263e+00  7.1432068970e-01 -4.3105686046e+00 -1.8705778164e+00  7.6903362599e-01 -2.6824636519e+00 -3.6581468201e+00  8.1320138097e-01 -3.2897284553e+00 -9.2708996151e-01  8.6034109300e-01 -1.6536353138e+00 -2.7144657164e+00  4.1633040932e+00 -1.0225450538e+00  2.4380863822e+00  4.1148023859e+00 -1.8885908995e+00  1.3464095670e+00  3.1197216517e+00 -1.0119508181e-01  2.5604604498e+00  8.9133175777e-01 -1.9546374988e+00 -1.3489905822e+00  2.1640244994e+00 -9.5037044110e-01  6.7927102924e-01 -3.2653722713e-01 -8.1102769007e-01  5.3526232221e-01 -5.5838143889e-02  1.2280876179e+00 -4.2243783207e-01  9.7679017911e-01 -8.5779908530e-01 -3.0038640134e-01 -2.1261145684e+00  9.2720794030e-01  9.7211880757e-01  3.1070917582e+00 -1.8560994888e+00  4.5675365732e-01  2.1133012250e+00 -5.6198204799e-02  1.6770705489e+00 -8.8412468853e-01  4.8218466787e-01  3.4162161623e-01  9.6489437399e-01  5.0112275968e-01 -8.8488978525e-01 -2.6271607360e-01  2.5176452288e+00 -6.8573423905e-01 -8.1809153057e-01 -1.6693002882e+00  1.2150987081e+00  6.2327949214e-01 -4.8110532322e+00 -3.9700241281e+00  6.5363649122e-01 -5.3427347910e+00 -1.5380371415e+00  7.5166139536e-01 -2.4412593054e+00 -4.7170531516e+00  8.2609154910e-01 -3.5319345302e+00  1.3008047523e-01  9.0255350311e-01 -6.2446566998e-01 -3.0574349444e+00  4.9741641051e+00 -1.0595398525e+00  3.1580830046e+00  4.8928750700e+00 -2.6280635825e+00  1.1698039276e+00  3.0855293197e+00  6.1374580502e-01  3.3797688244e+00 -1.9262510194e+00  1.7113370061e+00  1.7077787002e+00 -2.8373011888e+00  1.2719109048e+00  2.1699751803e-01 -2.5453835326e+00  6.1979948245e-02  1.4860884420e+00  1.8069757505e+00  9.2277459640e-01 -1.2585349779e+00  3.5719519153e-01  3.0359861876e+00 -1.2965982437e+00 -1.0567671460e+00  3.0102368355e+00 -2.9557695424e-01
ENERGY -8.908608104117e+02

JOB 4
COORDS  6.9193976759e-01 -4.0464543777e+00 -3.1672915503e+00  7.9193989413e-01 -4.3271669829e+00 -1.7991999913e+00  6.9331533696e-01 -2.7212225739e+00 -3.6056847899e+00  9.0147359354e-01 -3.2901236912e+00 -8.7485720864e-01  7.9531764169e-01 -1.6770729716e+00 -2.6798567738e+00  4.1669215380e+00 -1.0340494826e+00  2.4640587665e+00  4.2406501090e+00 -1.6928196941e+00  1.2368720245e+00  3.0041118712e+00 -3.0360863548e-01  2.7223350274e+00  9.0930688418e-01 -1.9590094725e+00 -1.3153546418e+00  2.1646241204e+00 -9.5267353265e-01  7.1121257124e-01 -3.2979650600e-01 -7.7812883661e-01  5.2582879384e-01 -1.6236277672e-02  1.2437917956e+00 -4.5864719578e-01  9.9086571357e-01 -8.5196442131e-01 -2.7814136985e-01 -2.1141212991e+00  9.9064281633e-01  9.0510189043e-01  3.2318949856e+00 -1.6551720540e+00  3.4901770543e-01  1.9954497181e+00 -2.5361340354e-01  1.8412388748e+00 -8.6509175543e-01  5.2180565327e-01  3.0692843174e-01  1.0124972349e+00  5.0200990994e-01 -8.7417897286e-01 -2.1252624807e-01  2.5274155671e+00 -7.5999574204e-01 -8.5497762335e-01 -1.6268714780e+00  1.1911653668e+00  6.1133508332e-01 -4.8575155879e+00 -3.8853264192e+00  7.8638703245e-01 -5.3564297403e+00 -1.4524970166e+00  6.1269975872e-01 -2.4953590617e+00 -4.6650439097e+00  9.7546126119e-01 -3.5170607150e+00  1.8384121606e-01  7.8336970592e-01 -6.5137732856e-01 -3.0361717707e+00  4.9781720797e+00 -1.0799259927e+00  3.1831239853e+00  5.1193423591e+00 -2.2657092270e+00  9.4853112072e-01  2.8742099359e+00  2.5128564966e-01  3.6490096074e+00 -1.9218349281e+00  1.7982523881e+00  1.6169218848e+00 -2.8155937952e+00  1.3112598855e+00  1.3037181516e-01 -2.5417769566e+00  1.4360624551e-01  1.4420349187e+00  1.8415388838e+00  8.8481980508e-01 -1.3128154651e+00  4.2635568668e-01  3.0316567676e+00 -1.3629943094e+00 -1.0190886114e+00  3.0284700000e+00 -4.0817264067e-01
ENERGY -8.908608626194e+02

JOB 5
COORDS  7.0322317505e-01 -4.0751720707e+00 -3.1070297531e+00  8.3674394803e-01 -4.3350861463e+00 -1.7377756428e+00  6.6121907717e-01 -2.7561907737e+00 -3.5627733817e+00  9.3594912797e-01 -3.2824911404e+00 -8.2958006839e-01  7.5340884696e-01 -1.6969819980e+00 -2.6533260699e+00  4.1619257326e+00 -1.0669336340e+00  2.4523328981e+00  4.3084697526e+00 -1.4648654361e+00  1.1219285552e+00  2.9147360391e+00 -5.6496626217e-01  2.8276622963e+00  9.0002333562e-01 -1.9583269581e+00 -1.2882512906e+00  2.1371725373e+00 -9.4710974207e-01  7.2750732614e-01 -3.6421352625e-01 -7.4409508991e-01  5.1529991941e-01  6.0960413464e-03  1.2749678803e+00 -4.6289402361e-01  9.6880055592e-01 -8.3942231926e-01 -2.6350872325e-01 -2.1103963403e+00  1.0673425040e+00  8.8000150010e-01  3.2908078408e+00 -1.4071236074e+00  2.4808059686e-01  1.8924145125e+00 -4.9413548839e-01  1.9607608349e+00 -8.5695680830e-01  5.7688281226e-01  3.0875067959e-01  1.0196005886e+00  5.0856371657e-01 -8.7249214689e-01 -1.6317657261e-01  2.5602960733e+00 -7.7483597396e-01 -9.3446640537e-01 -1.5903259822e+00  1.1442758076e+00  6.3071733330e-01 -4.8976070668e+00 -3.8128603427e+00  8.6480379648e-01 -5.3594560058e+00 -1.3779469134e+00  5.5548007092e-01 -2.5475003136e+00 -4.6234487615e+00  1.0339612724e+00 -3.4922172759e+00  2.3132473505e-01  7.1026220420e-01 -6.7622965823e-01 -3.0215619553e+00  4.9830201060e+00 -1.1327055971e+00  3.1586097090e+00  5.2562217477e+00 -1.8386558538e+00  7.4033532383e-01  2.7236981651e+00 -2.1002491786e-01  3.8380192564e+00 -1.9194447996e+00  1.8719946429e+00  1.5953593729e+00 -2.7902231835e+00  1.3994820835e+00  9.0839096225e-02 -2.5633417572e+00  2.2761218683e-01  1.4076685449e+00  1.8593028799e+00  8.6452968060e-01 -1.3144986540e+00  4.8263923656e-01  3.0443475823e+00 -1.3869942349e+00 -9.5942174821e-01  3.0807551217e+00 -4.2765920547e-01
ENERGY -8.908609455387e+02

JOB 6
COORDS  7.2528623975e-01 -4.1310047247e+00 -3.0533012577e+00  8.8059415937e-01 -4.3617592388e+00 -1.6813273246e+00  6.4663528908e-01 -2.8221006739e+00 -3.5337881438e+00  9.6414865601e-01 -3.2896724252e+00 -7.9382925737e-01  7.2419712613e-01 -1.7438972469e+00 -2.6459115299e+00  4.1777530032e+00 -1.1248263599e+00  2.3835300756e+00  4.3471972100e+00 -1.2170407431e+00  9.9894189883e-01  2.8837872284e+00 -8.9018173123e-01  2.8467809637e+00  8.9125840457e-01 -1.9765281133e+00 -1.2780537280e+00  2.1144063975e+00 -9.4313015112e-01  7.1288802264e-01 -3.9910220984e-01 -7.2462001713e-01  4.8195322595e-01  1.9897249270e-02  1.2894614956e+00 -4.9355120265e-01  9.4409068127e-01 -8.3743903142e-01 -2.7407296697e-01 -2.1109441484e+00  1.1245530440e+00  8.3312378429e-01  3.3116352318e+00 -1.1276910143e+00  1.5220518428e-01  1.8382670117e+00 -7.8889350353e-01  2.0072379224e+00 -8.5323049476e-01  6.1478086059e-01  2.8796713620e-01  1.0144291553e+00  4.9881631565e-01 -9.0417535043e-01 -1.2234016878e-01  2.5765433562e+00 -8.1266186527e-01 -1.0081838192e+00 -1.5648628764e+00  1.0804145092e+00  6.6459083356e-01 -4.9682512747e+00 -3.7426164664e+00  9.3685401891e-01 -5.3782372913e+00 -1.3029314816e+00  5.2459787398e-01 -2.6368192554e+00 -4.5970686005e+00  1.0753171027e+00 -3.4759009201e+00  2.7051212932e-01  6.5595110075e-01 -7.3073243528e-01 -3.0309595434e+00  5.0170663498e+00 -1.2160859310e+00  3.0651042883e+00  5.3290834273e+00 -1.3651814462e+00  5.5445988662e-01  2.6687189960e+00 -7.7607208703e-01  3.9069202312e+00 -1.9233198712e+00  1.9364535315e+00  1.5409860562e+00 -2.7753803791e+00  1.4534693062e+00  2.9528707439e-02 -2.5801778946e+00  2.9577998741e-01  1.3639470042e+00  1.8755227570e+00  8.3315432300e-01 -1.3231805488e+00  5.2616481975e-01  3.0389291814e+00 -1.4386831552e+00 -9.0771082740e-01  3.1156219999e+00 -4.6911114045e-01
ENERGY -8.908612487388e+02

JOB 7
COORDS  7.6803453129e-01 -4.1782171204e+00 -2.9624307423e+00  8.4376432577e-01 -4.3744981059e+00 -1.5786062685e+00  7.3969985352e-01 -2.8812762806e+00 -3.4802607508e+00  8.9705019278e-01 -3.2796444609e+00 -7.1618986649e-01  7.8841217734e-01 -1.7795722603e+00 -2.6197470315e+00  4.2143360237e+00 -1.1836114236e+00  2.2952770366e+00  4.3537208429e+00 -9.4459486305e-01  9.2454819872e-01  2.9154075513e+00 -1.2356201574e+00  2.7977133119e+00  8.7298366975e-01 -1.9793456534e+00 -1.2392097042e+00  2.0940309200e+00 -9.1416871851e-01  7.1067849776e-01 -4.3526012001e-01 -6.8355629765e-01  4.8009625038e-01  1.0426004100e-02  1.3158637075e+00 -5.1551845863e-01  9.1159741823e-01 -8.1250229140e-01 -2.6325986202e-01 -2.1370711338e+00  1.1855183526e+00  7.8822301502e-01  3.2899001268e+00 -8.1066932983e-01  1.2099813422e-01  1.8387062635e+00 -1.0951919867e+00  2.0024037977e+00 -8.7135610227e-01  6.6248778304e-01  2.7393788825e-01  9.9238398694e-01  5.0661809799e-01 -9.2309222684e-01 -1.1011944063e-01  2.6020734112e+00 -8.4623645282e-01 -1.0632261790e+00 -1.5092592883e+00  1.0786829169e+00  7.3006051958e-01 -5.0325251430e+00 -3.6321762749e+00  8.6077923951e-01 -5.3811286556e+00 -1.1711216945e+00  6.7972774180e-01 -2.7234351085e+00 -4.5532365313e+00  9.4328690204e-01 -3.4366331182e+00  3.5749875126e-01  7.6262208341e-01 -7.7584647283e-01 -3.0329411162e+00  5.0783297939e+00 -1.3083308591e+00  2.9395910778e+00  5.3327955749e+00 -8.6027509503e-01  4.5788686371e-01  2.7185450346e+00 -1.3896398378e+00  3.8563364164e+00 -1.9596303661e+00  2.0098512480e+00  1.4841786005e+00 -2.7857994709e+00  1.5020376647e+00 -3.2974880900e-02 -2.6183286507e+00  3.6806215027e-01  1.3258199828e+00  1.8900169285e+00  8.3290333694e-01 -1.2693487169e+00  5.3735074181e-01  3.0411336560e+00 -1.4900576339e+00 -8.8550469263e-01  3.1584691535e+00 -5.0762610544e-01
ENERGY -8.908622115519e+02

JOB 8
COORDS  7.4775338188e-01 -4.1868932407e+00 -2.8908713137e+00  7.1858995434e-01 -4.3632822964e+00 -1.5026215758e+00  8.1298920118e-01 -2.8988148459e+00 -3.4272541031e+00  7.5952564360e-01 -3.2588719083e+00 -6.5109898116e-01  8.5050708431e-01 -1.7867856820e+00 -2.5796291519e+00  4.2456007689e+00 -1.2175397290e+00  2.2151375089e+00  4.3206677981e+00 -6.7171506010e-01  9.3106232102e-01  2.9766539073e+00 -1.5564192873e+00  2.6831446083e+00  8.2701016208e-01 -1.9677660804e+00 -1.1936044404e+00  2.0689197649e+00 -8.8920283125e-01  7.1867895857e-01 -4.7320230073e-01 -6.3679038796e-01  5.0986709675e-01 -2.5160830872e-02  1.3404235001e+00 -5.2789722721e-01  8.6969429033e-01 -7.8082061924e-01 -2.3594812542e-01 -2.1850101858e+00  1.2332026479e+00  7.5868141310e-01  3.2284932415e+00 -5.0511565536e-01  1.7166105296e-01  1.8732414264e+00 -1.3931128478e+00  1.9314564116e+00 -9.1310679452e-01  7.0303977430e-01  2.6704464094e-01  9.5722294669e-01  5.2276455666e-01 -9.1948813880e-01 -1.3642657899e-01  2.6220136624e+00 -8.7846085442e-01 -1.0987836421e+00 -1.4427486237e+00  1.1375885564e+00  7.1853170916e-01 -5.0497496017e+00 -3.5500430755e+00  6.6312248994e-01 -5.3630861295e+00 -1.0818716780e+00  8.3449775331e-01 -2.7556712470e+00 -4.5037678318e+00  7.2620716347e-01 -3.3980490236e+00  4.2503850686e-01  8.9793088162e-01 -7.8972369507e-01 -3.0059129068e+00  5.1330208504e+00 -1.3619085362e+00  2.8222958574e+00  5.2695424388e+00 -3.6375983277e-01  4.9751368325e-01  2.8272128407e+00 -1.9677857997e+00  3.6790074036e+00 -2.0169622627e+00  2.0700851869e+00  1.4419153784e+00 -2.8239887039e+00  1.5347481834e+00 -7.5619919315e-02 -2.6717971018e+00  4.2482539679e-01  1.3050051616e+00  1.8834170202e+00  8.4787548415e-01 -1.1899079368e+00  5.1276034450e-01  3.0418406811e+00 -1.5334256768e+00 -9.0901349514e-01  3.1896612545e+00 -5.5243715835e-01
ENERGY -8.908638427810e+02

JOB 9
COORDS  6.9870040667e-01 -4.2334008453e+00 -2.8580816393e+00  5.8427187346e-01 -4.3991280219e+00 -1.4731956825e+00  8.6140127023e-01 -2.9535105634e+00 -3.3935520860e+00  6.3612098261e-01 -3.2932759517e+00 -6.2363155889e-01  9.1021576706e-01 -1.8394302671e+00 -2.5494826117e+00  4.2908850463e+00 -1.2327892619e+00  2.1756767716e+00  4.2860174240e+00 -4.4647618421e-01  1.0232197841e+00  3.0835431573e+00 -1.8350180947e+00  2.5339326044e+00  7.9959400433e-01 -2.0103172339e+00 -1.1655418442e+00  2.0835423673e+00 -9.2533403549e-01  7.1730646454e-01 -4.6391420369e-01 -6.5595521433e-01  5.4967634454e-01 -4.3259617878e-02  1.2928088338e+00 -5.4855502290e-01  8.6641135848e-01 -8.1188179766e-01 -2.1632535408e-01 -2.2066427002e+00  1.1924030946e+00  7.3366997895e-01  3.1759632240e+00 -2.8500410962e-01  2.8543662940e-01  1.9688556581e+00 -1.6854150037e+00  1.8005819790e+00 -9.2873880526e-01  6.6432469383e-01  2.5529159280e-01  9.5093463069e-01  4.7852563538e-01 -9.2140788514e-01 -1.6209931105e-01  2.5661877656e+00 -9.2413313505e-01 -1.0647790550e+00 -1.4397807680e+00  1.2283671149e+00  6.6001786887e-01 -5.0973951557e+00 -3.5153173644e+00  4.5372851911e-01 -5.3919125506e+00 -1.0523037498e+00  9.4989145283e-01 -2.8179403610e+00 -4.4676263223e+00  5.4390115132e-01 -3.4230184122e+00  4.4943764120e-01  1.0326468151e+00 -8.4908685868e-01 -2.9759879362e+00  5.1902848822e+00 -1.3652021482e+00  2.7676127009e+00  5.1812504791e+00  6.5344438275e-02  6.7760906340e-01  2.9979259165e+00 -2.4526697622e+00  3.4253088839e+00 -2.0486637227e+00  2.0401489096e+00  1.4059225001e+00 -2.8417828803e+00  1.4780534168e+00 -1.0897162917e-01 -2.6913009216e+00  3.8865975856e-01  1.2886376000e+00  1.8937305453e+00  8.2097114966e-01 -1.1106801540e+00  4.8414365372e-01  2.9737642544e+00 -1.5898108200e+00 -9.3648831428e-01  3.1373762517e+00 -6.0876069372e-01
ENERGY -8.908652025899e+02

JOB 10
COORDS  6.2000177736e-01 -4.2225479440e+00 -2.8377775964e+00  4.3484689907e-01 -4.3742774350e+00 -1.4592440459e+00  8.8930142385e-01 -2.9582359088e+00 -3.3672101445e+00  5.2068885224e-01 -3.2710839065e+00 -6.0844887359e-01  9.7269166971e-01 -1.8469272914e+00 -2.5225010132e+00  4.3433536185e+00 -1.1771953124e+00  2.1859005795e+00  4.2495225071e+00 -2.1201268049e-01  1.1853036335e+00  3.2247093447e+00 -1.9908269625e+00  2.3844677159e+00  7.9046027013e-01 -2.0033980798e+00 -1.1435710953e+00  2.1387685768e+00 -9.1876373476e-01  7.1064785858e-01 -4.0627861431e-01 -6.2199575673e-01  5.9239514402e-01 -2.6839215492e-02  1.2848117126e+00 -5.8693424916e-01  9.0514588017e-01 -7.9750839265e-01 -2.0102338837e-01 -2.1902451535e+00  1.1927345858e+00  6.9654024027e-01  3.1374726698e+00 -7.1023850135e-02  4.4311357365e-01  2.1154950227e+00 -1.8664223412e+00  1.6420002835e+00 -9.0685393074e-01  6.6716906412e-01  2.3037342458e-01  9.8746240355e-01  4.7898749682e-01 -9.3056993534e-01 -1.6332170604e-01  2.5433377319e+00 -1.0022355322e+00 -9.7079784436e-01 -1.3735708262e+00  1.3366402040e+00  5.5330139872e-01 -5.0848974105e+00 -3.4949707647e+00  2.2172803353e-01 -5.3546181018e+00 -1.0428447482e+00  1.0340164902e+00 -2.8323580428e+00 -4.4363779708e+00  3.7959260462e-01 -3.3922341374e+00  4.5933577056e-01  1.1774216328e+00 -8.6881041231e-01 -2.9450953124e+00  5.2416016702e+00 -1.2888937098e+00  2.7837783694e+00  5.0710413712e+00  4.6618304523e-01  9.6679581820e-01  3.2110090629e+00 -2.7612172905e+00  3.1524135509e+00 -2.0427732408e+00  2.0678565738e+00  1.3353783221e+00 -2.8329926845e+00  1.4363949816e+00 -1.5338533079e-01 -2.6597301192e+00  4.0356188099e-01  1.2844272240e+00  1.9336064429e+00  8.5084082888e-01 -1.0422598443e+00  4.8000263999e-01  2.9390852333e+00 -1.6779611549e+00 -9.4383408266e-01  3.1150828838e+00 -7.0335182396e-01
ENERGY -8.908654947527e+02

JOB 11
COORDS  5.4517667077e-01 -4.2186896567e+00 -2.8232376558e+00  2.9661941794e-01 -4.3502694236e+00 -1.4529706754e+00  9.0887376034e-01 -2.9750803726e+00 -3.3455267070e+00  4.1311013060e-01 -3.2489220448e+00 -6.0299759434e-01  1.0224537120e+00 -1.8660703959e+00 -2.5019106912e+00  4.3595330563e+00 -1.1225045216e+00  2.2299072280e+00  4.1594617829e+00 -2.3366117608e-02  1.3984814536e+00  3.3622473531e+00 -2.1023160240e+00  2.2304749798e+00  7.7727298836e-01 -2.0018190142e+00 -1.1298968200e+00  2.1857415816e+00 -9.1744983424e-01  6.9979389216e-01 -3.4982666008e-01 -5.9638904077e-01  6.2927022042e-01 -9.6475249696e-03  1.2727395370e+00 -6.1603511331e-01  9.3958600940e-01 -7.9386784724e-01 -1.9535667024e-01 -2.1594162592e+00  1.1933243503e+00  6.9177756500e-01  3.0587968355e+00  9.2723162307e-02  6.3349856472e-01  2.2708305155e+00 -2.0041817853e+00  1.4603417242e+00 -8.7905426199e-01  6.6542148443e-01  2.1978623893e-01  1.0156381556e+00  4.7221453050e-01 -9.4599136873e-01 -1.6152035127e-01  2.5192123385e+00 -1.0594892408e+00 -8.7774417602e-01 -1.3175002857e+00  1.4294609873e+00  4.5419195633e-01 -5.0795923795e+00 -3.4794602851e+00  1.0464908333e-02 -5.3139063358e+00 -1.0413818759e+00  1.1037070516e+00 -2.8637150983e+00 -4.4083379763e+00  2.2673926983e-01 -3.3594413751e+00  4.5825362434e-01  1.2996471458e+00 -9.0427829583e-01 -2.9206246567e+00  5.2458223167e+00 -1.2121259419e+00  2.8490081178e+00  4.8825880325e+00  7.8657900180e-01  1.3380669369e+00  3.4355363308e+00 -2.9873299055e+00  2.8588788557e+00 -2.0093413844e+00  2.0803796600e+00  1.3134209076e+00 -2.8117673629e+00  1.4187768459e+00 -1.5570124713e-01 -2.6189102236e+00  4.1291870974e-01  1.2988856805e+00  1.9523718816e+00  8.7356296123e-01 -1.0219502518e+00  4.7587222147e-01  2.9046032861e+00 -1.7467946864e+00 -9.4163226319e-01  3.0935904357e+00 -7.6443874599e-01
ENERGY -8.908645522986e+02

JOB 12
COORDS  4.6537981867e-01 -4.2580477919e+00 -2.8441339219e+00  2.0992012871e-01 -4.3720611407e+00 -1.4737304362e+00  8.6969730817e-01 -3.0301945388e+00 -3.3735954502e+00  3.6113382406e-01 -3.2695132133e+00 -6.3130215281e-01  1.0163212965e+00 -1.9200833639e+00 -2.5368627686e+00  4.3227192102e+00 -1.0984652554e+00  2.2806744667e+00  3.9843728316e+00  9.1638158699e-02  1.6405241304e+00  3.4949599701e+00 -2.1988556147e+00  2.0419233323e+00  7.6616865714e-01 -2.0376124095e+00 -1.1637783363e+00  2.2093248438e+00 -9.4316488043e-01  6.6184999672e-01 -3.0158794431e-01 -6.0302883630e-01  6.1182032970e-01  3.4791955856e-02  1.2521723841e+00 -6.5132477788e-01  9.6566185352e-01 -8.2910487750e-01 -2.4183586054e-01 -2.0779311892e+00  1.2167966211e+00  7.1617337577e-01  2.9127705133e+00  1.8152652660e-01  8.3251508458e-01  2.4337193555e+00 -2.1244380669e+00  1.2276188864e+00 -8.2078572933e-01  6.6352195845e-01  2.1143876910e-01  1.0356373887e+00  4.3150424733e-01 -1.0061708289e+00 -1.1053977786e-01  2.4978917991e+00 -1.0977206085e+00 -8.1256796887e-01 -1.3103538585e+00  1.4356948581e+00  3.4787494438e-01 -5.1199314853e+00 -3.4948392593e+00 -1.0742756139e-01 -5.3231322238e+00 -1.0558755773e+00  1.0695193128e+00 -2.9317682773e+00 -4.4367419924e+00  1.6995297097e-01 -3.3700057378e+00  4.2985505929e-01  1.3218207201e+00 -9.7046168562e-01 -2.9638534031e+00  5.1847615359e+00 -1.1660125672e+00  2.9358656898e+00  4.5709512287e+00  9.9771780444e-01  1.7740013884e+00  3.6816597106e+00 -3.1630243952e+00  2.5100638413e+00 -1.8948050176e+00  2.1102251038e+00  1.3195577392e+00 -2.7537359521e+00  1.4397200670e+00 -1.1337237700e-01 -2.5285814907e+00  4.5228227491e-01  1.3494670896e+00  1.9622948917e+00  8.3256973249e-01 -1.1362291230e+00  5.1701151839e-01  2.8739438112e+00 -1.7990553170e+00 -8.6985861338e-01  3.0876260315e+00 -7.7957219997e-01
ENERGY -8.908627860709e+02

JOB 13
COORDS  3.9484384810e-01 -4.3342077165e+00 -2.8871768526e+00  1.9292410957e-01 -4.4406478718e+00 -1.5069588804e+00  7.5960577482e-01 -3.1050334093e+00 -3.4406744615e+00  3.6068579965e-01 -3.3302785186e+00 -6.7942830730e-01  9.2082591386e-01 -1.9864693151e+00 -2.6175966611e+00  4.1906873942e+00 -1.0483809309e+00  2.3295601166e+00  3.6503878437e+00  1.6317100929e-01  1.8988771336e+00  3.6038124757e+00 -2.2118824827e+00  1.8287441308e+00  7.2788346769e-01 -2.0964052749e+00 -1.2349420346e+00  2.1494067323e+00 -9.6710244846e-01  6.1638827623e-01 -3.2696160707e-01 -6.2723638188e-01  5.3580814118e-01  7.0521491467e-02  1.2443092291e+00 -6.8264505946e-01  9.2955216805e-01 -8.8412269081e-01 -3.3015401910e-01 -1.9747098041e+00  1.2932188197e+00  7.8222841086e-01  2.6180828628e+00  2.1349251282e-01  1.0408266235e+00  2.5764736941e+00 -2.1739650612e+00  9.6691805951e-01 -7.8049629985e-01  6.7913163796e-01  2.0146612970e-01  1.0013902713e+00  3.7594607824e-01 -1.0969594164e+00 -3.1995501078e-02  2.5050703977e+00 -1.0970719593e+00 -8.5766836788e-01 -1.3420881112e+00  1.3413674209e+00  2.6566122292e-01 -5.2029851838e+00 -3.5263854231e+00 -9.4352446625e-02 -5.3928178729e+00 -1.0703584252e+00  9.1513125445e-01 -3.0112731912e+00 -4.5115793484e+00  2.0861387027e-01 -3.4260168565e+00  3.8864828771e-01  1.1894376367e+00 -1.0358307674e+00 -3.0670281096e+00  5.0231368071e+00 -1.0841035951e+00  3.0244357616e+00  4.0426978980e+00  1.1164301510e+00  2.2463763799e+00  3.9577564520e+00 -3.1988473375e+00  2.1190237934e+00 -1.7054246114e+00  2.1551812474e+00  1.3989515309e+00 -2.6760969324e+00  1.5813974975e+00 -4.9418170321e-03 -2.4408807754e+00  5.3918095299e-01  1.4167950687e+00  1.9096552726e+00  7.2085044564e-01 -1.3886721015e+00  6.0013228933e-01  2.8795299016e+00 -1.7948072329e+00 -7.4699475872e-01  3.1220240264e+00 -7.3164362408e-01
ENERGY -8.908614251802e+02

JOB 14
COORDS  3.4707814289e-01 -4.3620318220e+00 -2.8377424504e+00  2.4773142192e-01 -4.4655058985e+00 -1.4455813394e+00  6.3751639222e-01 -3.1275781466e+00 -3.4215885411e+00  4.4538423643e-01 -3.3456168386e+00 -6.3921294770e-01  8.2835626963e-01 -1.9994160809e+00 -2.6171833704e+00  4.1522567986e+00 -1.0088319836e+00  2.3988389392e+00  3.4002324725e+00  1.4768954950e-01  2.1812085690e+00  3.8036348776e+00 -2.1349988486e+00  1.6536917499e+00  7.4056383551e-01 -2.1058672062e+00 -1.2245159409e+00  2.1479537186e+00 -9.6543067734e-01  6.4192678796e-01 -3.1595583455e-01 -6.0412831543e-01  5.1001238208e-01  1.3307807215e-01  1.2550249637e+00 -7.0784523385e-01  9.5112948940e-01 -8.9009507286e-01 -3.3362436608e-01 -1.9151768852e+00  1.3558929621e+00  7.4836528011e-01  2.3909097342e+00  1.7803631468e-01  1.2988570561e+00  2.7930950755e+00 -2.1169439779e+00  7.6829102634e-01 -7.4187736202e-01  7.0697830589e-01  1.6402186517e-01  1.0512494608e+00  3.6741141438e-01 -1.1038782472e+00  5.7519574288e-02  2.5164633832e+00 -1.1272381996e+00 -8.6907228408e-01 -1.3088926227e+00  1.3093490357e+00  1.9577625379e-01 -5.2380521173e+00 -3.4620043769e+00  1.7969229732e-02 -5.4220670937e+00 -9.8523317118e-01  7.1205497092e-01 -3.0367217493e+00 -4.5013866316e+00  3.6883151924e-01 -3.4377072342e+00  4.3792845344e-01  1.0376303904e+00 -1.0446892985e+00 -3.0892380526e+00  4.9668400192e+00 -1.0296802239e+00  3.1152193942e+00  3.6044059995e+00  1.0686296568e+00  2.7232186031e+00  4.3375962794e+00 -3.0768462372e+00  1.7599685993e+00 -1.6172328311e+00  2.2037525494e+00  1.3715311179e+00 -2.6074282613e+00  1.6723553138e+00 -3.6071235471e-02 -2.4060813672e+00  6.1287183346e-01  1.3772297705e+00  1.9448662491e+00  6.7114500511e-01 -1.4732038285e+00  7.0750590953e-01  2.8818000631e+00 -1.8130657201e+00 -6.5836668243e-01  3.1424298816e+00 -7.7934761350e-01
ENERGY -8.908609081996e+02

JOB 15
COORDS  2.7225944331e-01 -4.3608259970e+00 -2.8059609360e+00  2.7918624138e-01 -4.4717709145e+00 -1.4103766936e+00  4.8687383750e-01 -3.1178890831e+00 -3.4038268053e+00  5.0790959040e-01 -3.3491529148e+00 -6.1696471162e-01  7.0881062242e-01 -1.9874292903e+00 -2.6099037338e+00  4.1354080591e+00 -1.0470733147e+00  2.4176533861e+00  3.1957832834e+00 -1.2690937264e-02  2.4215724924e+00  3.9829982545e+00 -2.0321451480e+00  1.4426773196e+00  7.2882989548e-01 -2.1006579261e+00 -1.2161174084e+00  2.1327796964e+00 -9.8432000543e-01  6.6104815268e-01 -3.2709486039e-01 -5.7749285131e-01  4.8842050127e-01  1.6645078305e-01  1.2657407344e+00 -7.3735060133e-01  9.5266128059e-01 -8.8866876909e-01 -3.2675677321e-01 -1.9085787970e+00  1.4016289490e+00  6.7674423716e-01  2.1891943229e+00  2.8137078663e-02  1.5381583976e+00  2.9737511644e+00 -2.0046004888e+00  5.5455533823e-01 -7.3413066113e-01  7.3325828426e-01  1.1810120900e-01  1.0918017879e+00  3.6994525299e-01 -1.0914441111e+00  1.0665334043e-01  2.5224531914e+00 -1.1758251579e+00 -9.0718320539e-01 -1.2728045580e+00  1.2760476603e+00  9.7844024755e-02 -5.2386298485e+00 -3.4215746272e+00  1.0842609845e-01 -5.4354155879e+00 -9.3930898821e-01  4.7914273009e-01 -3.0223751686e+00 -4.4857662457e+00  5.1082407569e-01 -3.4453432043e+00  4.6339965707e-01  8.6068116351e-01 -1.0260791090e+00 -3.0908623049e+00  4.9463875124e+00 -1.0794961778e+00  3.1377456362e+00  3.2467695003e+00  7.9876526575e-01  3.1444102930e+00  4.6772278435e+00 -2.8656578424e+00  1.3607382619e+00 -1.6104544225e+00  2.2498012062e+00  1.2994207541e+00 -2.5838796784e+00  1.7210031883e+00 -1.2125713114e-01 -2.4194317000e+00  6.6916981147e-01  1.3021287252e+00  1.9704543803e+00  6.3417840257e-01 -1.5211057451e+00  7.7513870859e-01  2.8781965329e+00 -1.8486471333e+00 -6.2183133605e-01  3.1515116064e+00 -8.6122843374e-01
ENERGY -8.908608126338e+02

JOB 16
COORDS  2.3690256863e-01 -4.3580141061e+00 -2.7470697464e+00  3.3366215949e-01 -4.4697848237e+00 -1.3547441121e+00  3.7699507464e-01 -3.1087478786e+00 -3.3539249110e+00  5.7739970900e-01 -3.3413058763e+00 -5.7426974504e-01  6.1420560031e-01 -1.9724493177e+00 -2.5726822212e+00  4.1209630196e+00 -1.0885469409e+00  2.4448026788e+00  3.0314003473e+00 -2.3540187044e-01  2.6366707644e+00  4.1221846135e+00 -1.8590898714e+00  1.2818637558e+00  7.2441878437e-01 -2.0872781735e+00 -1.1838592905e+00  2.1134126739e+00 -9.8773815055e-01  6.9823444491e-01 -3.4550075519e-01 -5.3730882256e-01  4.8123461005e-01  2.0335534802e-01  1.2898217445e+00 -7.5091993806e-01  9.4866164698e-01 -8.7313445740e-01 -2.9896510376e-01 -1.8954680481e+00  1.4713851398e+00  6.2269012895e-01  2.0210395997e+00 -1.7447310910e-01  1.7578565953e+00  3.1112625230e+00 -1.8118642119e+00  3.9733008594e-01 -7.1759815778e-01  7.8188884884e-01  9.8339924098e-02  1.1284299335e+00  3.8028075714e-01 -1.0648048908e+00  1.6199021351e-01  2.5386995954e+00 -1.2155035358e+00 -9.6747262907e-01 -1.2258384750e+00  1.2411417545e+00  5.1389048340e-02 -5.2402774204e+00 -3.3529478672e+00  2.2068537794e-01 -5.4385608291e+00 -8.7691299634e-01  3.0018545914e-01 -3.0134341020e+00 -4.4331716360e+00  6.4741310620e-01 -3.4370076665e+00  5.0463103499e-01  7.1006506722e-01 -1.0064062628e+00 -3.0592478287e+00  4.9325192734e+00 -1.1419327379e+00  3.1630354884e+00  2.9624070029e+00  4.1243029907e-01  3.5078662798e+00  4.9438510620e+00 -2.5311587928e+00  1.0438555445e+00 -1.6004906285e+00  2.3295917826e+00  1.2328644833e+00 -2.5557462571e+00  1.7797298821e+00 -1.9220554767e-01 -2.4222862907e+00  7.5558887396e-01  1.2541687858e+00  1.9929314875e+00  5.9812668947e-01 -1.5460948457e+00  8.4869623309e-01  2.8783931914e+00 -1.8781490189e+00 -5.7232880756e-01  3.1762259216e+00 -9.3314596359e-01
ENERGY -8.908608763849e+02

JOB 17
COORDS  6.6632036312e-01  5.2956314232e+00 -1.6228154871e-02  1.5917051565e+00  4.4208917108e+00  5.5645295475e-01 -3.4657388498e-01  4.7948311459e+00 -8.4288510048e-01  1.5078178311e+00  3.0473333192e+00  3.0416613582e-01 -4.2925583242e-01  3.4277190411e+00 -1.1019193341e+00  2.5794295479e-03  1.9359467856e-02 -4.8531162360e+00 -7.3058163407e-01 -6.3761997036e-01 -3.8638383564e+00  8.8106944521e-01  1.0191421437e+00 -4.4299075123e+00  5.0385763448e-01  2.5508536210e+00 -5.3168635998e-01  2.0962494449e-01  7.0034029918e-01 -2.2879767355e+00 -8.4106317173e-01  4.9304814824e-01 -4.2626667509e-03  1.0145791783e+00 -6.7573114725e-01  6.0032042318e-01  3.5320348474e-01  1.0639475729e+00 -8.0354320045e-01 -1.1294616568e+00 -1.3384714806e+00  1.7358673364e+00 -6.2400175131e-01 -3.0524974350e-01 -2.5673521290e+00  9.8955918518e-01  1.3664860040e+00 -3.1378340068e+00 -3.1390172254e-01 -5.4768676492e-01  8.1521231961e-01  1.4603774846e+00  2.5305924957e-01 -2.4917486009e-01  1.7663819197e+00 -1.6088537177e+00  1.1853545619e+00 -1.9867193457e+00  8.4502937708e-01  2.6789045704e-04  7.3120120594e-01  6.3619286691e+00  1.8035900191e-01  2.3787620743e+00  4.8029300760e+00  1.2001583200e+00 -1.0717046459e+00  5.4707382791e+00 -1.2866540970e+00  2.2298473145e+00  2.3776864904e+00  7.6203473486e-01 -1.2214484668e+00  3.0458476737e+00 -1.7390984858e+00 -9.4576386475e-02 -2.4501550552e-01 -5.9009787394e+00 -1.4157597545e+00 -1.4472842634e+00 -4.1051948154e+00  1.5139071525e+00  1.5566165704e+00 -5.1329094846e+00 -1.1451834699e+00 -2.3887810141e+00  1.4322041911e+00 -7.6534243804e-01 -1.2339216431e+00  2.7614368334e+00 -2.1426333023e+00 -9.3997869733e-01  1.6771194393e+00  2.3740733537e+00  2.3119332132e-01 -6.8772415437e-01  1.3594850738e+00 -2.2779642131e+00  1.8273558858e+00  2.7678056221e+00 -1.6488858860e+00  1.0378731664e+00
ENERGY -8.908609858019e+02

JOB 18
COORDS  6.1039811765e-01  5.2993483487e+00 -6.9566048988e-02  1.5416185841e+00  4.4435425540e+00  5.2284823110e-01 -3.9586379349e-01  4.7743484159e+00 -8.8893041522e-01  1.4708256896e+00  3.0647621472e+00  2.9763781813e-01 -4.6699491709e-01  3.4011988125e+00 -1.1206537335e+00  2.1453347094e-02  7.5541675124e-02 -4.8458991569e+00 -9.0691918246e-01 -3.9719847052e-01 -3.9193672767e+00  1.0748655746e+00  8.4782554423e-01 -4.3476109158e+00  4.7199140667e-01  2.5447469614e+00 -5.2991091476e-01  1.9356449701e-01  6.9359286364e-01 -2.2630813036e+00 -8.3810786096e-01  4.7370225758e-01  4.3421487027e-02  1.0383138141e+00 -6.9331855035e-01  5.9448388264e-01  3.3584251674e-01  1.0516875954e+00 -7.7767025609e-01 -1.0798259844e+00 -1.3903022599e+00  1.7586530477e+00 -8.1961445076e-01 -9.7708395029e-02 -2.6111698888e+00  1.1679043130e+00  1.1611884989e+00 -3.0474598579e+00 -2.9022630530e-01 -5.8987599672e-01  8.2331368672e-01  1.4627750683e+00  2.6034556350e-01 -2.3863946014e-01  1.8098509550e+00 -1.6280963012e+00  1.1508969859e+00 -1.9799037360e+00  8.3199936697e-01  9.7061032827e-02  6.6608056774e-01  6.3697918055e+00  1.0616237521e-01  2.3236950471e+00  4.8452972711e+00  1.1605951402e+00 -1.1253276632e+00  5.4354912686e+00 -1.3475751214e+00  2.1975788892e+00  2.4089628457e+00  7.6785193290e-01 -1.2561502959e+00  2.9987213940e+00 -1.7493271613e+00 -5.8952663208e-02 -1.6076651493e-01 -5.9018322019e+00 -1.7374989191e+00 -1.0331806266e+00 -4.2174121015e+00  1.8624979886e+00  1.2231515399e+00 -4.9974877198e+00 -1.0939157660e+00 -2.4395751762e+00  1.4516421657e+00 -6.9451236349e-01 -1.2869909678e+00  2.7766423543e+00 -2.0969697503e+00 -9.9912251508e-01  1.7234424176e+00  2.3569048152e+00  2.4354110210e-01 -7.1797495993e-01  1.4228478757e+00 -2.3135700305e+00  1.7879566441e+00  2.8116151943e+00 -1.6407992627e+00  1.0004368975e+00
ENERGY -8.908613737722e+02

JOB 19
COORDS  5.5043742324e-01  5.2773273097e+00 -1.1678449574e-01  1.5293487895e+00  4.4476593259e+00  4.3490677020e-01 -4.9597059362e-01  4.7214693489e+00 -8.6203664630e-01  1.4664673189e+00  3.0635345555e+00  2.4290377889e-01 -5.6141149689e-01  3.3424251650e+00 -1.0602810390e+00  5.0077875900e-02  1.2096940113e-01 -4.8256707022e+00 -1.0178439415e+00 -1.4593907146e-01 -3.9708975827e+00  1.2106466972e+00  6.4156678562e-01 -4.2449038095e+00  4.2478399669e-01  2.5128907318e+00 -5.0846271730e-01  1.7769234220e-01  6.6275181359e-01 -2.2234627933e+00 -8.5384393038e-01  4.2683036652e-01  9.7357607592e-02  1.0403468218e+00 -7.1971464685e-01  6.3142818145e-01  3.0756495260e-01  1.0125776574e+00 -7.3376258008e-01 -1.0571520585e+00 -1.4350932181e+00  1.8224451019e+00 -9.5539878270e-01  1.1593510568e-01 -2.6521348228e+00  1.2825394549e+00  9.1294614169e-01 -2.9346189928e+00 -2.8834700250e-01 -6.3658476671e-01  8.6780023690e-01  1.4486624468e+00  2.4461382341e-01 -1.9787889378e-01  1.8285573645e+00 -1.6471833021e+00  1.1763089822e+00 -1.9978437110e+00  7.7417198587e-01  1.6878771672e-01  6.0060269931e-01  6.3519558890e+00  3.3173096860e-02  2.3426844870e+00  4.8740208358e+00  1.0149803414e+00 -1.2618022445e+00  5.3627381714e+00 -1.2885542030e+00  2.2303984374e+00  2.4272639644e+00  6.7932691095e-01 -1.3816149317e+00  2.9139558261e+00 -1.6288765649e+00 -8.2156785968e-03 -8.5010742711e-02 -5.8893019113e+00 -1.9440804425e+00 -5.8550472186e-01 -4.3343195391e+00  2.1020125558e+00  8.4228297365e-01 -4.8353451012e+00 -1.0691824275e+00 -2.4869082934e+00  1.5242961898e+00 -6.5496637589e-01 -1.3213950965e+00  2.8327749644e+00 -2.0774346117e+00 -1.0510830671e+00  1.8018599186e+00  2.3139031548e+00  2.1024382081e-01 -7.2931555157e-01  1.4553163759e+00 -2.3422544427e+00  1.8111577541e+00  2.8305369580e+00 -1.6375826553e+00  1.0264372964e+00
ENERGY -8.908623248593e+02

JOB 20
COORDS  4.9759264384e-01  5.2599724971e+00 -1.4262127971e-01  1.5299331858e+00  4.4536864274e+00  3.4259520326e-01 -5.9059624586e-01  4.6777588195e+00 -8.0289587089e-01  1.4785670403e+00  3.0666520575e+00  1.6917538276e-01 -6.4649812692e-01  3.2954803526e+00 -9.8317617965e-01  1.0387324003e-01  1.8115699701e-01 -4.8279467636e+00 -1.0448088442e+00  1.4212293410e-01 -4.0386987499e+00  1.3119147055e+00  4.3710626672e-01 -4.1739612239e+00  3.9250773077e-01  2.4898863186e+00 -4.9562531870e-01  1.9029048409e-01  6.4924548606e-01 -2.2093943357e+00 -8.5709582104e-01  3.8336224665e-01  1.1281051061e-01  1.0537342269e+00 -7.2774368487e-01  6.6139543123e-01  3.0036303437e-01  9.8301430198e-01 -7.1297668092e-01 -1.0311735087e+00 -1.4543348438e+00  1.8677885050e+00 -1.0059831532e+00  3.6971067919e-01 -2.7134108769e+00  1.3630228043e+00  6.6708914911e-01 -2.8541229017e+00 -2.7503876733e-01 -6.6027027236e-01  8.9922014930e-01  1.4520559587e+00  2.3853681784e-01 -1.7186628448e-01  1.8547962910e+00 -1.6433909926e+00  1.2069367420e+00 -2.0100625174e+00  7.0272231552e-01  1.7218283187e-01  5.3904640156e-01  6.3368746594e+00 -6.8727165661e-03  2.3760937748e+00  4.9003944477e+00  8.5667495481e-01 -1.3973117454e+00  5.3008752017e+00 -1.1779254967e+00  2.2838064763e+00  2.4481950708e+00  5.5307670480e-01 -1.4962258069e+00  2.8454040705e+00 -1.4871854227e+00  6.5292751898e-02  3.1034132152e-03 -5.8974271919e+00 -2.0208851877e+00 -8.3162968420e-02 -4.4627214283e+00  2.2579111840e+00  4.5425920804e-01 -4.7106162471e+00 -1.0389543601e+00 -2.5093106006e+00  1.5807953132e+00 -6.2008348571e-01 -1.3278504890e+00  2.8729216805e+00 -2.0541395294e+00 -1.0772627688e+00  1.8524815175e+00  2.2814457179e+00  1.6734846379e-01 -7.5793002092e-01  1.4928093095e+00 -2.3464384445e+00  1.8394635145e+00  2.8567853035e+00 -1.6148138064e+00  1.0589860034e+00
ENERGY -8.908637217882e+02

JOB 21
COORDS  4.4066727431e-01  5.2367743369e+00 -1.2785056728e-01  1.5052946419e+00  4.4423300019e+00  3.0414627286e-01 -6.6713049517e-01  4.6424878630e+00 -7.4292927650e-01  1.4661635323e+00  3.0560523903e+00  1.2265415407e-01 -7.1206507246e-01  3.2605478565e+00 -9.3141304324e-01  1.4531888228e-01  2.0204288998e-01 -4.8500134968e+00 -1.0222543401e+00  4.1656251033e-01 -4.1161712556e+00  1.3457737749e+00  1.9601576091e-01 -4.1384816960e+00  3.5920558921e-01  2.4669494246e+00 -4.9686873398e-01  2.0085392412e-01  6.3197661564e-01 -2.2224429230e+00 -8.6478219059e-01  3.4189025556e-01  9.4794614558e-02  1.0628411233e+00 -7.1300387466e-01  6.8953504732e-01  2.9196001583e-01  9.5506363666e-01 -7.2169245989e-01 -1.0135905324e+00 -1.4328991496e+00  1.9156401627e+00 -9.9972596550e-01  6.3108879092e-01 -2.7904743834e+00  1.3797979325e+00  4.0442259917e-01 -2.8128687178e+00 -2.6600883099e-01 -6.5637164880e-01  9.2634156819e-01  1.4527030703e+00  2.3561619270e-01 -1.6965446562e-01  1.8763410491e+00 -1.6032645107e+00  1.2573466401e+00 -2.0300712784e+00  6.1985690471e-01  1.1798062519e-01  4.7226334427e-01  6.3131742077e+00  1.4615701919e-02  2.3673809975e+00  4.8974594607e+00  7.8322678886e-01 -1.4990794885e+00  5.2559407367e+00 -1.0765980415e+00  2.2966095058e+00  2.4470579674e+00  4.6496000463e-01 -1.5740181485e+00  2.8005850761e+00 -1.4034364419e+00  1.2113372274e-01  3.6506905021e-02 -5.9218612135e+00 -2.0014678822e+00  4.1404868648e-01 -4.5899981960e+00  2.2995895627e+00  1.8600874185e-02 -4.6300601029e+00 -9.9915895198e-01 -2.4969339093e+00  1.6643714351e+00 -6.1076705470e-01 -1.2649939884e+00  2.9179635319e+00 -2.0437254092e+00 -1.0771511412e+00  1.8816103011e+00  2.2427109496e+00  1.0911091597e-01 -8.0315904042e-01  1.5248972088e+00 -2.3009234976e+00  1.9016585307e+00  2.8778561898e+00 -1.5605704565e+00  1.1090459449e+00
ENERGY -8.908650632753e+02

JOB 22
COORDS  3.8927133966e-01  5.2237543734e+00 -9.8291991927e-02  1.5029490804e+00  4.4469144134e+00  2.2961813470e-01 -7.5188386632e-01  4.6138285880e+00 -6.3082586478e-01  1.4777886173e+00  3.0634474768e+00  2.7132180702e-02 -7.8383588885e-01  3.2342698925e+00 -8.4017779028e-01  1.8897725662e-01  2.1606101225e-01 -4.8964771124e+00 -9.3215960840e-01  6.9075745046e-01 -4.2109166973e+00  1.3287152533e+00 -4.1456118907e-02 -4.1369555723e+00  3.3591666554e-01  2.4577025892e+00 -5.0952310255e-01  2.2461679607e-01  6.3226235313e-01 -2.2644186166e+00 -8.5403957661e-01  3.0413675804e-01  4.0096515085e-02  1.0930432005e+00 -6.7479670946e-01  6.9045934080e-01  2.9965341804e-01  9.4473875969e-01 -7.5959872139e-01 -9.7535253881e-01 -1.4016457800e+00  1.9273796594e+00 -9.1684645833e-01  9.0556887377e-01 -2.8875252401e+00  1.3512496943e+00  1.6004979615e-01 -2.8082094037e+00 -2.3666555410e-01 -6.3478962394e-01  9.2382578077e-01  1.4724086114e+00  2.5274373492e-01 -1.9888966329e-01  1.9209061125e+00 -1.5332091980e+00  1.2846855031e+00 -2.0323564267e+00  5.2334630461e-01  1.4386419522e-02  4.0903558836e-01  6.2980676372e+00  6.1228645882e-02  2.3922993976e+00  4.9131832185e+00  6.4380711712e-01 -1.6218637957e+00  5.2129186922e+00 -8.8399640945e-01  2.3466421599e+00  2.4689062330e+00  2.8957503904e-01 -1.6685787199e+00  2.7643957730e+00 -1.2543173104e+00  1.7322169341e-01  5.2859795397e-02 -5.9688126808e+00 -1.8650613425e+00  9.0693458045e-01 -4.7270498756e+00  2.2439490812e+00 -4.1629624080e-01 -4.5891154902e+00 -9.3658453916e-01 -2.4715032259e+00  1.7047334900e+00 -5.8233854351e-01 -1.1986147150e+00  2.9269740574e+00 -2.0127247368e+00 -1.0697066637e+00  1.8773386920e+00  2.2229745523e+00  6.3919171463e-02 -8.6712994830e-01  1.5814512868e+00 -2.2239870275e+00  1.9427306364e+00  2.9217648216e+00 -1.4733331566e+00  1.1372979683e+00
ENERGY -8.908655280258e+02

JOB 23
COORDS  3.4347354167e-01  5.1774390323e+00 -2.7026788165e-02  1.4997958264e+00  4.4226477318e+00  1.8473325714e-01 -8.2588017972e-01  4.5478019780e+00 -4.6627229370e-01  1.4877497059e+00  3.0428333749e+00 -3.9978283313e-02 -8.4489868233e-01  3.1713570772e+00 -6.9814225205e-01  2.3337818638e-01  1.7506893906e-01 -4.9076951380e+00 -7.7298459036e-01  9.1023841067e-01 -4.2741319533e+00  1.2524236220e+00 -3.2186409884e-01 -4.0990256639e+00  3.1665749544e-01  2.4162206628e+00 -4.8342516938e-01  2.5160920967e-01  6.0701149463e-01 -2.2768091198e+00 -8.3934756648e-01  2.3335989355e-01  8.4198801224e-03  1.1203208652e+00 -6.7197600099e-01  7.1590567611e-01  3.1133935685e-01  9.0707156276e-01 -7.6781663172e-01 -9.4660134051e-01 -1.4186218956e+00  1.9433596280e+00 -7.6120225606e-01  1.1378037959e+00 -2.9542969364e+00  1.2649179199e+00 -1.1209000773e-01 -2.7701926711e+00 -2.1114378013e-01 -6.4880303719e-01  9.3971098060e-01  1.4937428086e+00  2.3771445860e-01 -1.9715651260e-01  1.9580004996e+00 -1.5008578925e+00  1.3361833795e+00 -2.0258214139e+00  3.9204704345e-01 -6.9541469889e-02  3.5243681885e-01  6.2491066763e+00  1.5042713043e-01  2.4122716377e+00  4.9033815950e+00  5.2560429938e-01 -1.7289687048e+00  5.1287960671e+00 -6.2983873543e-01  2.3905077988e+00  2.4665851914e+00  1.3377546499e-01 -1.7515252455e+00  2.6912346394e+00 -1.0456677260e+00  2.2428367603e-01  3.6359387477e-03 -5.9788367025e+00 -1.6046704088e+00  1.3339576588e+00 -4.8329481974e+00  2.0786064606e+00 -8.9760390158e-01 -4.5095087780e+00 -8.8767064549e-01 -2.4899455301e+00  1.7320628194e+00 -5.6538385291e-01 -1.1985527942e+00  2.9437948377e+00 -1.9890691053e+00 -1.1053996948e+00  1.8811252635e+00  2.2184541018e+00 -5.8273062639e-03 -8.7606378976e-01  1.6258719893e+00 -2.1867220504e+00  2.0031155670e+00  2.9585658961e+00 -1.4273775380e+00  1.1924170395e+00
ENERGY -8.908646725151e+02

