-5.135652557909187401e-08
-2.623730574537946516e-06
3.404466830192015097e-06
-2.032264375564663016e-08
-2.714558859489865299e-08
-3.337965919210812010e-02
3.515444619579007404e-03
5.407127264217981792e-08
-8.993503808604542821e-08
1.419714312871919963e-07
-1.225612852115854781e-07
-1.473321091191467057e-02
3.765261231577000008e-08
1.453553155134238575e-07
3.213991302930371136e-02
6.606707759688038029e-02
-9.896435236660622746e-09
1.544346783200040871e-07
-2.429475727173437821e-02
-4.343061607456747310e-07
2.044498816079811411e-09
7.303733683454542709e-08
1.810543134873339672e-03
1.080271154500968139e-01
-6.682729924706224528e-08
9.715947695237383863e-08
-1.191476619740740837e-06
-3.688261616880126811e-03
7.670762559628365699e-08
8.869402177360586803e-08
-8.039812391504772010e-08
5.094677123550083766e-08
