-5.509264032472911884e-09
-2.367931843869154288e-06
2.401082766262949658e-06
-4.606359719059554412e-08
1.638895414568352654e-08
-3.341417300714765587e-02
3.512578209472171954e-03
5.348664458379769932e-11
1.584203937196508532e-08
1.335134651204247174e-07
-1.340688486415870503e-07
-1.473557746310551024e-02
3.250421510033716395e-08
9.166301792923017631e-08
3.214495428854145104e-02
6.600772193043494274e-02
-4.705417627291949703e-09
1.425906747483809437e-07
-2.430799161834492489e-02
-4.470721355169726972e-07
-9.730441948665849857e-09
5.203864619330559093e-08
1.800222140827039893e-03
1.081221318586195884e-01
-1.106076513882341945e-08
3.466320031062632620e-08
-1.190792998248969142e-06
-3.578026847773575075e-03
-2.442337478566187634e-08
5.574793409401531963e-08
-4.416697915983479053e-08
4.944986198937832441e-08
