-7.514948433052560561e-09
-8.742722774946127314e-06
2.648258810513635270e-06
-2.007017119043639786e-08
-2.382959450262914436e-09
-3.294668504581783897e-02
3.389724095748678726e-03
1.763484371949084376e-08
6.779711632107467989e-09
9.464902786127484148e-09
-1.124640012992388309e-07
-1.489841704690343313e-02
3.666033539442513661e-08
-1.954486718247301029e-08
2.942684433737332433e-02
6.960571832999221109e-02
-3.203937840743808888e-08
5.353038388569433335e-08
-2.186209080591196632e-02
-6.735090165228240766e-07
-4.870411826047101571e-09
1.962492404715688939e-08
6.770473739774239639e-04
1.070955261088494398e-01
-1.025462075129824563e-08
2.298546700423001999e-08
-9.579949963264241305e-04
-1.197272215683543514e-02
1.298058643079759791e-08
5.914402594413940310e-09
9.166471742317833513e-08
-1.645049570785635293e-07
