-2.121564200139793314e-08
-2.489252147137030646e-06
2.594593132722951277e-06
-1.097915952208743111e-08
1.524430062504762179e-08
-3.336296042460359240e-02
3.517318200004622419e-03
7.824160358098983389e-09
-1.623672673782086380e-08
1.302198996563815687e-07
-1.578260973897522657e-07
-1.474187223233051729e-02
4.641731642660858012e-08
7.991033269948077944e-08
3.212875872691067086e-02
6.602809043010098022e-02
-2.339068264486307578e-08
1.677764315410727963e-07
-2.429704599584856656e-02
-4.718082313388165433e-07
4.523160729695990101e-09
5.612330161275121666e-08
1.813436360697509055e-03
1.080485783184418763e-01
8.701088577133152542e-09
7.322574118342488898e-08
-1.157307278467105058e-06
-3.657509995393585026e-03
1.360542021311194430e-10
5.826741770288889590e-08
-4.030300475448151004e-08
2.902732342837761508e-08
