-2.297111147410304810e-08
-8.686810630069862654e-06
2.098342549818894053e-06
1.845319212609945073e-08
-3.233177239105571739e-08
-3.298987444417349896e-02
3.399388915980701593e-03
-3.918290238708220115e-09
8.411522111196070920e-09
2.787062804403133927e-08
-1.130447696821450006e-07
-1.488692615900995622e-02
3.593952530602003399e-08
-5.725730611671690436e-08
2.941641483141966412e-02
6.962124191122186223e-02
-6.116057364941534357e-08
6.960400881622046448e-09
-2.184654510708189737e-02
-6.897881110361915089e-07
2.937110957496434209e-09
-9.570158805638926628e-11
6.818258792196625140e-04
1.070472666082887131e-01
3.250650853911506665e-08
2.233058218970316548e-08
-1.008027788251022712e-03
-1.202579644277933235e-02
-1.764124619051716308e-08
1.418661339340003584e-08
7.230514769575377788e-08
-1.663307083528544525e-07
