3.205930718886875265e-09
-4.860360580985653126e-04
2.529558987965372217e-06
-1.423011598454686619e-08
-1.457366248599979802e-09
-3.241663236667635672e-02
3.375401131711495105e-03
1.508785271317133937e-08
-6.530206607382670601e-09
7.505034640579642342e-09
-1.160896766298583105e-07
-1.500279023472535743e-02
1.175131743472990667e-08
-2.938199890157755847e-08
2.943010568314170100e-02
6.931520256670084534e-02
-3.980568161694786234e-08
5.273784940550079123e-08
-2.190883834299859820e-02
-7.313827470180638121e-07
-1.971694984197592639e-09
1.539604572420437413e-08
7.519315895328780889e-04
1.066927007305286945e-01
-1.589029683391042538e-08
2.421910153914039089e-08
-1.214398278045310947e-03
-1.215578009140210955e-02
1.183347620861300861e-08
2.795825518393035883e-08
9.363675204761295975e-08
-1.943360432266592382e-07
