-1.880213474062746231e-08
-2.869012793612133036e-06
2.569112707463164107e-06
-1.611338891401189031e-08
-1.482330870283396769e-09
-3.334102317970941143e-02
3.512623260388330997e-03
1.736417995615172183e-08
-1.180381485514346767e-08
1.243213902589248204e-07
-1.612381307271661379e-07
-1.473801771577914511e-02
4.764606092317609514e-08
5.020276867794912545e-08
3.212835737683220061e-02
6.603527696989912321e-02
-3.536849507141202273e-08
1.859697059102013613e-07
-2.431145795183859912e-02
-4.616183880972103741e-07
-1.734352633389402590e-09
4.890542353056629680e-08
1.816168603349030625e-03
1.080555682523220429e-01
-2.482072640443262252e-08
6.300355663928110049e-08
-1.159032977594213858e-06
-3.640472638464307964e-03
8.646532710777924692e-09
6.324678068580675700e-08
-5.491909126589887833e-08
2.838324911760933366e-08
