-2.721954588968733329e-06
-1.192008744108059495e-08
-6.850115002973589787e-09
2.377868485953141672e-06
-3.336157361252544556e-02
1.017421220078814642e-08
8.524132335548879180e-09
3.520099759943684428e-03
1.170795150155711533e-07
-1.470905246486611632e-02
-1.227538443912586715e-08
-1.585836774979404730e-07
7.779021107032223188e-08
6.602810947906855021e-02
4.660807503524918042e-08
3.213016720589507297e-02
1.624834403702897912e-07
-4.647954664906154031e-07
-3.014287549468098283e-08
-2.432721578493745457e-02
4.953185907603192180e-08
1.080431747997872144e-01
1.323851839922619136e-08
1.826707481311763128e-03
6.509187757540868685e-08
-3.638105093351865285e-03
-1.472210794211750634e-08
-1.193248067544398078e-06
6.910549437898369099e-08
3.538794298421432739e-08
9.477956643270380290e-09
-4.512281949605702870e-08
