-1.764473884335493767e-08
-1.019952419899624906e-05
2.333134498418360312e-06
-1.153371324256062013e-08
-1.088352563522503081e-08
-3.294511512044088347e-02
3.408474553636320695e-03
4.103010367746051856e-08
-8.966715638996894455e-09
1.531888462478020960e-08
-1.052040119774297590e-07
-1.487758556283559630e-02
2.608770309880331588e-08
-1.165960683952354687e-08
2.945221096349709411e-02
6.958929151634486721e-02
-4.829358643781825692e-08
1.790785804858322741e-08
-2.187878786200274372e-02
-6.831872786289808232e-07
-3.319750928841633273e-09
3.181712835542888232e-08
6.771888222867399011e-04
1.070911925271728488e-01
1.743479706313779462e-08
1.795439946693283608e-08
-9.871703848825410903e-04
-1.200191336042448313e-02
2.608006164022063064e-08
5.528111020012288187e-08
5.715020947535329123e-08
-1.561485479930697938e-07
