-2.633197663191599846e-06
-1.431211711102818565e-08
-3.282643079609136707e-09
2.452996151889458891e-06
-3.336435268531225129e-02
8.753691160280976699e-09
2.144279843662693790e-09
3.513028746466943450e-03
1.351108050514622067e-07
-1.475544271986423822e-02
-1.423416280815409921e-08
-1.565982529140821411e-07
6.937926736849446191e-08
6.601729620540582044e-02
4.543386694302402673e-08
3.212997186618099521e-02
1.650911589666235668e-07
-4.692276113013382077e-07
-2.927899105129216030e-08
-2.430750674466791370e-02
4.774577740882155834e-08
1.080749024432480498e-01
1.475919918056574618e-08
1.810131313725635727e-03
6.564894635861061238e-08
-3.620223478070344267e-03
-1.084010886559476883e-08
-1.217557853875261484e-06
6.837452725795526147e-08
4.706555934478149987e-08
1.299594314063290942e-08
-4.860211509133692025e-08
