-5.816794270517090440e-06
-2.432178288308740196e-08
-1.335224524795222404e-08
2.530846193708026518e-06
-3.306113275646169886e-02
1.841326229698102907e-08
4.895058867179245022e-09
3.393894310193081455e-03
1.000172118411858682e-08
-1.475716705674631583e-02
5.299638115259458942e-09
-1.166224800917279949e-07
-1.679678230199026592e-08
6.992644198971413594e-02
1.634124150291590738e-08
2.947150092807149582e-02
5.081828906471722971e-08
-6.366918265803708541e-07
-2.629101237745268534e-08
-2.185986267488752507e-02
4.614729462465905560e-09
1.076996913641845022e-01
-1.291432611794672440e-08
5.629298662329923356e-04
3.067007466923077215e-08
-1.169116671616386195e-02
-7.193024382948458114e-09
-6.106261733999473595e-04
2.319944058053812066e-08
-9.757341351138452059e-08
6.100272619257683729e-09
8.318946381703697281e-08
