7.726421447624137443e-09
-2.702738476517332782e-06
2.518693323662752188e-06
7.879612148883686376e-09
1.338530191624562444e-08
-3.337780440868739346e-02
3.514741837887492507e-03
1.858387283047377250e-08
-2.138250720491500996e-08
1.365692666544218859e-07
-1.692749508359024737e-07
-1.475917593442908904e-02
3.638871708477415590e-08
8.076303891341111977e-08
3.213063619122565051e-02
6.604095802428537609e-02
-3.158364787657794293e-08
1.781432645670730077e-07
-2.427821861719517069e-02
-4.704297638787932401e-07
6.085497722382632443e-09
4.487373471993204362e-08
1.819730947555129718e-03
1.080044047124312373e-01
-1.367299744886372128e-08
6.938240412632804413e-08
-1.210687468719399452e-06
-3.697127190545030848e-03
2.384070291674193158e-09
6.457592545593987701e-08
-5.024586933704409766e-08
3.599356303178814155e-08
