-3.036512155907693853e-06
-3.389081058343249683e-09
-4.744953507955972559e-09
2.513317004444339078e-06
-3.332164182127438784e-02
2.341510076857747046e-08
4.920162297103800798e-09
3.512953223656532613e-03
1.465361319180967167e-07
-1.425158029315629592e-02
-2.998232566820207512e-08
-1.549669061454599526e-07
9.148566761177846564e-08
6.746181992789869464e-02
3.786046431420245651e-08
3.204103851852627832e-02
1.863048174168011411e-07
-4.094172086785706997e-07
-2.646996234402945851e-08
-2.362506845231668318e-02
5.018371082833880582e-08
1.065761179262385006e-01
2.045181852213543936e-09
1.728068706592829308e-03
6.356549133787459503e-08
-6.405457627511223356e-03
-1.882751051347617446e-08
-1.066537890307361035e-06
6.917824563326996987e-08
-1.096812947232341279e-07
-6.204855824152441719e-09
-9.286221679694995771e-08
