-6.311542593032246079e-10
-4.442409904597486403e-06
2.318228450830327938e-06
-1.907454495947908295e-08
6.061930049989285518e-09
-3.301046854183680573e-02
3.419163876080398567e-03
1.330211483219025380e-08
1.689784423100024134e-09
1.925832476406871061e-08
-1.107171300349790525e-07
-1.472592294904871875e-02
2.669959086220099705e-08
-1.730361099369333914e-08
2.949606638898825961e-02
6.981648025685624481e-02
-2.914495639584229568e-08
5.068630861221371596e-08
-2.189221350853539846e-02
-6.257435034989012861e-07
9.879762279167560623e-10
1.109595942280384337e-08
6.159052615223056890e-04
1.075767243288447417e-01
-1.217411216733791628e-08
2.568665521560839152e-08
-7.617387408931871641e-04
-1.170753512765626905e-02
7.379216931140081795e-09
1.979823436790036457e-08
8.824847922276548388e-08
-9.211216006315894150e-08
