-2.728604422304025709e-06
-1.796549534766692448e-08
8.803330585966099039e-10
2.400043504360215314e-06
-3.335815926854206886e-02
1.861187301289128961e-08
-4.262428327843170330e-09
3.517383754131871761e-03
1.222706700781172074e-07
-1.474520615825021357e-02
-3.046988036666436568e-08
-1.545347828103572449e-07
7.580832246940937021e-08
6.603821415029165198e-02
3.409798949337391963e-08
3.212601992524060507e-02
1.698693943394863820e-07
-4.750153482849150834e-07
-3.942655513014710869e-08
-2.429433161044623063e-02
5.441854043440274428e-08
1.080478578545256141e-01
1.051626870269224223e-08
1.812200201088986747e-03
7.132005884543301254e-08
-3.658445892506129518e-03
-3.212901237696517725e-08
-1.173822481639473676e-06
5.885188127159339359e-08
4.279351867818582749e-08
1.664271764164777772e-08
-5.531189103598079583e-08
