2.135787862676927796e-09
-1.791852559880172552e-05
2.422026084854397924e-06
-1.524955847732872389e-08
-5.109556294709645565e-09
-3.300144968358575265e-02
3.403773312698582434e-03
1.970509346590165154e-08
9.893361199214870578e-09
2.167599708808231169e-08
-1.345560465151735767e-07
-1.478475435466942121e-02
3.521389044586831475e-08
-4.040921075383590608e-08
2.952271536063222346e-02
6.966078136183358194e-02
-4.151787770579661438e-08
4.809170055981149475e-08
-2.198164460648744864e-02
-6.522794656183161908e-07
1.761584724310822776e-09
-5.851253770180123620e-09
6.346221144574313222e-04
1.071607338728482045e-01
-1.948343154947573053e-08
2.396605677424966825e-08
-9.113758699279853005e-04
-1.203782217686721195e-02
-1.222234827088783697e-08
2.702287943640052071e-08
8.077601994307548289e-08
-1.490379099410635322e-07
