-2.782564612597976678e-06
-2.305977385757637643e-08
-9.175272632389934716e-09
2.446667744972740366e-06
-3.339172453679628561e-02
1.196720653118966245e-08
2.312040032715913682e-09
3.412751689722699419e-03
1.401102391180491277e-08
-1.431870643192408553e-02
6.826337077043361646e-09
-1.165375712394847221e-07
-2.250980274259086406e-08
7.067897881773378688e-02
3.227784251563815124e-08
2.963857790981392487e-02
4.245956747251495593e-08
-5.065790165475924583e-07
-3.733906111290149531e-08
-2.190941472471925194e-02
1.654403617837656646e-08
1.090496335450073379e-01
6.818218218903703605e-09
1.800476753505673186e-04
2.133222558557650574e-08
-1.122035046036148551e-02
-2.207812562437758960e-08
-6.090272880468979946e-06
2.445215162384790313e-08
7.678382707468640450e-08
9.508100127662576016e-09
4.091231761796469332e-08
