-1.871401984000863615e-08
-2.922152130097005967e-06
2.588189537067434521e-06
-8.854434535828624079e-09
9.215715167973379673e-09
-3.334317802762046257e-02
3.519525550088534530e-03
7.043583732511756326e-09
-3.455991019478906085e-08
1.383467698519989397e-07
-1.622057971096612478e-07
-1.481854262363247604e-02
5.244195086028081184e-08
7.299757876316507259e-08
3.215650862365593970e-02
6.597311008992497172e-02
-2.665037133248048883e-08
1.761729124024217240e-07
-2.428824032841605043e-02
-4.791333795525976821e-07
6.004654156036983748e-10
5.221908944633946324e-08
1.808620180574868792e-03
1.080174320577165503e-01
-3.071588776479649927e-08
7.996956752505340835e-08
-1.230551353214562500e-06
-3.693046200288865530e-03
-5.497653727913829613e-09
6.560025248632695052e-08
-5.365415477632862032e-08
1.548187759743699076e-08
