-2.603282779136279578e-06
-1.641056709462632354e-08
8.580803001663337073e-10
2.608193227785135979e-06
-3.336559478024252179e-02
1.192632048030942045e-08
3.989402594985150843e-09
3.513320126686338835e-03
1.270762059986867270e-07
-1.481971469285634814e-02
-2.478236184272897343e-08
-1.525354089861369662e-07
8.069388344215303174e-08
6.597620077204660594e-02
4.854082392990780640e-08
3.214241207230421338e-02
1.617004787350877351e-07
-4.790039066360850783e-07
-2.609001641872167406e-08
-2.427401606186081057e-02
5.478866974772205203e-08
1.080317811077165374e-01
2.977410301449906219e-09
1.820727832594489295e-03
7.872926661449262656e-08
-3.658846426902220492e-03
-1.530843305854835285e-08
-1.274939466928731897e-06
6.416891715840952141e-08
3.424949583620093123e-08
2.931487799492929908e-09
-4.544528407409791829e-08
