-2.710256838318210838e-06
-5.959240144883760769e-09
9.533773492061395594e-09
2.623927379842899307e-06
-3.335793890707431514e-02
1.120130279518986310e-08
8.878227830503206546e-09
3.516130601748932057e-03
1.178620571456958031e-07
-1.474750725996816850e-02
-2.516817885911687605e-08
-1.729142545258813357e-07
7.170401170524191316e-08
6.602957662312440579e-02
5.679642029802125275e-08
3.212361348229421376e-02
1.615819990313169457e-07
-4.593334430251773331e-07
-3.527985147274650936e-08
-2.429367452454771897e-02
4.305472309779539176e-08
1.080688333917255578e-01
1.313567904126293826e-08
1.817203773567922700e-03
7.104917972531180203e-08
-3.621429879301332061e-03
-3.355252396108899705e-08
-1.198413870025488021e-06
6.977150883214487382e-08
3.382502573273535185e-08
4.743050353826842105e-09
-5.919112642803458465e-08
