-3.301274695594067925e-09
-2.885695139569544538e-06
2.324993902338914276e-06
-1.524287505034285672e-09
-2.496641112119882298e-09
-3.333113675029581585e-02
3.511597814202952871e-03
1.203544598524605402e-08
-1.816263466884080076e-08
1.305153056906983218e-07
-1.478514662052077749e-07
-1.449124527640152822e-02
5.159059493557989699e-08
8.405776135924805119e-08
3.210491347792293615e-02
6.675911194638581292e-02
-2.718430532696068166e-08
1.600069904346514379e-07
-2.398644860916649552e-02
-4.249144502213775733e-07
1.545853730873462632e-08
5.232078125678746993e-08
1.853811931726247284e-03
1.071156358415658039e-01
-1.227201596384691405e-08
9.595776960087576330e-08
-1.145660013886456823e-06
-5.163697079161074475e-03
8.885692329640743868e-09
5.898975093813752196e-08
-6.714360664280345266e-08
-4.135800702128513501e-08
