1.315418872833225993e-08
-6.828840520075987513e-06
2.615334611997493585e-06
-1.982296510903699321e-08
1.174793920538599385e-08
-3.293696621501717575e-02
3.392591561687230937e-03
1.210384470593452510e-08
2.019224752898223573e-09
5.951485320011214426e-09
-1.129365774156861850e-07
-1.483290424336565320e-02
1.689993954275296366e-08
-2.106504143437005622e-08
2.943906441968802135e-02
6.961435074849681159e-02
-4.369920946262778010e-08
7.056128555567089207e-08
-2.188043508230068032e-02
-6.759546331996693154e-07
-1.032267054410886854e-08
-2.400268520630214069e-10
6.739346128545652213e-04
1.070453186327069012e-01
-1.672046943156758212e-08
1.352037830982496457e-08
-1.011531698985626082e-03
-1.204661090802472585e-02
2.034642828987554907e-08
2.467082115383494639e-08
8.394222868552229776e-08
-1.643928929776727317e-07
