-5.038000492458981286e-06
-1.660370884441504027e-08
-4.292588681656318204e-09
2.172661177262673873e-06
-3.306800207616998610e-02
2.049269895067359576e-08
-7.611418093284018429e-11
3.395291518060407441e-03
1.449689559250309057e-08
-1.477953924899405407e-02
5.186525403580133292e-09
-1.061989197974529797e-07
-1.955636760276825051e-08
7.003610179492129884e-02
1.842184518049939382e-08
2.941646010416763130e-02
4.786213852053428375e-08
-6.245651419223172255e-07
-3.676000711059799705e-08
-2.173708063465196183e-02
7.105370398540036521e-09
1.076763860790117544e-01
2.060181183666057544e-09
5.854236336843210084e-04
2.544147816371165886e-08
-1.172722730464194688e-02
-1.558752836171910587e-08
-6.376903427438243175e-04
1.687468477578981248e-08
-8.712250592606537927e-08
1.845751258597417239e-09
9.368375614293341706e-08
