-2.695868175230346120e-06
-3.887356136871519249e-09
-5.719125186613237356e-09
2.295422385241762122e-06
-3.335740276008668931e-02
1.183764925623789445e-08
-3.354361646028317201e-10
3.524322654124094172e-03
1.194941164802108456e-07
-1.473865313776800447e-02
-9.619462039486007524e-09
-1.545348695714186717e-07
6.977867207534098035e-08
6.601973029658837755e-02
4.801329608198778279e-08
3.212971757294089126e-02
1.712020492249829282e-07
-4.743484404428689677e-07
-2.419857772355650562e-08
-2.429250981358939063e-02
5.436534671145404979e-08
1.080714340584144340e-01
2.189549626234394222e-10
1.814686603287300358e-03
5.913703048996277228e-08
-3.615643367720418333e-03
-2.657971562883875120e-08
-1.165659694624576921e-06
6.870331127402343658e-08
4.161305262944044692e-08
-3.352752753796613506e-09
-3.974177570677067424e-08
