-2.499309354665596998e-06
-1.202740043557072446e-08
-1.504997016039524031e-08
2.625949701992842370e-06
-3.337663417025960033e-02
3.450051441324018682e-09
5.463782564813753747e-09
3.512421755570392656e-03
1.124078327255776829e-07
-1.483515808813505935e-02
-2.415097776528826742e-08
-1.372105530330098964e-07
9.575070957824399348e-08
6.598098983277618512e-02
4.722581561868402773e-08
3.213448778183312926e-02
1.385390983611641074e-07
-4.536828865511776896e-07
-9.449920361515381985e-09
-2.428476760068212087e-02
6.745870182108021119e-08
1.080198716975417916e-01
-1.633859236471517568e-08
1.821419598532352489e-03
4.314683021957272579e-08
-3.667667847489151228e-03
-9.713782262180827842e-09
-1.312458437141279625e-06
6.856082101965665700e-08
2.553125721194877752e-08
2.721719217610041269e-08
-2.331422517547192945e-08
