1.248779170306333444e-09
-1.128933366815292744e-02
4.044811960689783804e-06
-1.785507237481690976e-08
-7.169899117431198500e-09
-2.198404800648149499e-02
2.922457703200541899e-03
6.926330272994905191e-09
1.107431842753240164e-11
1.998695967406968870e-08
-1.329098600602780793e-07
-1.557609026703696102e-02
9.473546495259145372e-09
-1.003922384763010189e-08
2.916956099413425471e-02
6.832597724981499809e-02
-2.712067743958024310e-08
4.218287858400536332e-08
-2.188905938933640577e-02
-8.645910217605511872e-07
1.056994136515021826e-10
1.331026127852462807e-08
1.100560366326955525e-03
1.053026082534743724e-01
-2.255575470811526700e-08
3.128227730527909233e-08
-2.010700089695048511e-03
-1.241947068042919579e-02
2.353212988376252590e-08
2.180004892800652636e-08
1.228158122587153999e-07
-3.938236602761163336e-07
