-2.668936428139718066e-06
-9.239974294218820241e-09
9.689515327406669599e-10
2.561833214569560806e-06
-3.338407940580287447e-02
1.100799479260544211e-08
5.147178349483716353e-09
3.513123102546411407e-03
1.267434029353045944e-07
-1.475678462741575325e-02
-1.630125324242556703e-08
-1.647088762115320753e-07
7.251234195854332656e-08
6.602736025388579455e-02
4.623881492154054106e-08
3.212792900546875691e-02
1.657296897810666029e-07
-4.674609580695045187e-07
-2.375415684299465043e-08
-2.429475824731266304e-02
4.360740504699259519e-08
1.080797733861981746e-01
6.382593842919987809e-09
1.800810014068305242e-03
6.962005559833552259e-08
-3.634521403227579731e-03
-1.730962427205248391e-08
-1.222278657193832593e-06
6.128011670645192205e-08
3.785558556157079534e-08
2.985065173907504953e-09
-4.744257306253129041e-08
