-3.365897729962411413e-09
-3.032217069548876859e-06
2.393444789537983637e-06
-1.205416606722939868e-08
9.929963925734813401e-09
-3.334885245245268470e-02
3.511506936827640379e-03
7.898931648254781926e-09
-2.055887917947780471e-08
1.234945165326141316e-07
-1.642217210844256467e-07
-1.475879941765909087e-02
5.767996177539652058e-08
7.316714013749905778e-08
3.213593265285423495e-02
6.601197464886707222e-02
-2.061312118247899075e-08
1.669639566155573299e-07
-2.431086375142901129e-02
-4.678209932263195456e-07
1.016125099645550600e-08
5.277774037408308259e-08
1.815574555647471097e-03
1.080743887208126530e-01
-1.177936558339296603e-08
7.706834428861252996e-08
-1.236123283837619637e-06
-3.618746444531011769e-03
6.290447646578026600e-09
6.220810064448020068e-08
-4.565676285841611058e-08
4.022561015698998023e-08
