-2.841634960320332834e-06
-7.727131914356752843e-08
4.107263148577042874e-08
2.527865606769564941e-06
-3.335244783875682822e-02
-7.733924926732749435e-09
1.271877838278792997e-08
3.516391064794676356e-03
9.983170085170942990e-08
-1.475572696013596578e-02
3.087080200911943666e-08
-2.014213900207150107e-07
9.048811108085580805e-08
6.600760556805747303e-02
5.379400741588843643e-08
3.212188901047171447e-02
1.562516899734385313e-07
-4.479975998528989287e-07
-3.096399503622188194e-08
-2.430669233360917628e-02
5.006944910575138591e-08
1.080842084642773815e-01
-3.063091714308929047e-08
1.814281953491704048e-03
5.010434380457310137e-08
-3.595506438321982925e-03
1.734135504939925289e-09
-1.182885071394066713e-06
6.299906885406403774e-08
5.374043229736537743e-08
2.622360709297952219e-08
-8.556058082771066272e-09
