-1.265138433864000888e-08
-2.876706278590365057e-06
2.478293089123271961e-06
-5.713701625842556586e-09
1.708067351949713610e-08
-3.333890695229003998e-02
3.511781526042156727e-03
6.024439747527037943e-09
-3.579628946196273119e-08
1.274293388511046389e-07
-1.330564808197600129e-07
-1.463077243811536192e-02
5.804520869514588577e-08
8.964419912980679245e-08
3.212994127397164612e-02
6.634337404733695043e-02
-3.714917998208145654e-08
1.555698533558067564e-07
-2.415708645775970290e-02
-4.450621327245017377e-07
1.241981178821893565e-09
4.415198669221004772e-08
1.827185201912988116e-03
1.076379787185977183e-01
-1.352071727059299137e-08
8.407619027538946172e-08
-1.207804061086623429e-06
-4.326941344222005013e-03
-9.964846801500632384e-09
6.244381537820687184e-08
-4.404212355759551691e-08
3.006053708287177950e-09
