-2.782012709788142778e-09
-2.894604851108189944e-06
2.554900765279685207e-06
-1.122390284668461685e-08
7.068146809853542188e-10
-3.335029930938945841e-02
3.516962533061231654e-03
1.241251790068490577e-08
-1.696412672137054324e-08
1.247536857018862835e-07
-1.529792474997128632e-07
-1.474323755672617489e-02
4.848696977866704142e-08
7.912872684387862836e-08
3.213127152511178336e-02
6.603720366621552984e-02
-2.291527894015911742e-08
1.692271225990933570e-07
-2.429727120858751407e-02
-4.701523095488442852e-07
9.279370735838679299e-09
4.926414592134184426e-08
1.811917960027015044e-03
1.080544198034698450e-01
-1.607177129103564002e-08
6.787718450576889044e-08
-1.208257678188729041e-06
-3.664764460331863816e-03
5.060701038166868283e-09
5.918177634849370162e-08
-4.711672661701830127e-08
3.949266545536371874e-08
