3.436239049030131789e-09
-2.768413725733065682e-06
2.471327633410850080e-06
-2.089507358175976070e-08
1.534620221571893188e-08
-3.335218995158098498e-02
3.517119394046337635e-03
1.655539462196366530e-08
-2.773589394262671992e-08
1.245860283544385251e-07
-1.645251437736332957e-07
-1.474113276735626067e-02
5.020017397874602635e-08
8.240795853016836301e-08
3.211756808022454834e-02
6.602131711246937706e-02
-4.481912909765183836e-08
1.751774577004169945e-07
-2.431952033516691924e-02
-4.800128541191100888e-07
-5.217666445943181546e-10
3.840946808142347759e-08
1.823907244567543563e-03
1.080131556591305275e-01
-2.264372775557294661e-08
7.622570248882332406e-08
-1.188906780341843217e-06
-3.674239128384928707e-03
7.934576838623945036e-09
8.542044167730042701e-08
-2.882630524228414366e-08
4.662922743213782948e-08
