-2.774371158616580110e-06
-1.004107151606529507e-08
-4.870503660044804912e-09
2.584691472496666224e-06
-3.335313123838155869e-02
1.282496833237572892e-08
-9.354359903761504073e-10
3.503892165678958170e-03
1.329391294472326433e-07
-1.480536200426299694e-02
-1.829920442235322884e-08
-1.595651520547515300e-07
7.573370308844040709e-08
6.601490866075665487e-02
4.886684697139716409e-08
3.213570753811650915e-02
1.678898274396453948e-07
-4.798753048561801007e-07
-2.918277089738808664e-08
-2.426594233390884717e-02
4.861479700213922840e-08
1.080220132586074550e-01
8.045194147652016489e-09
1.828078220899465077e-03
7.123510843714718950e-08
-3.677667668846654192e-03
-1.744264345066203475e-08
-1.210247704671739595e-06
6.482221401138648367e-08
3.320426392343829549e-08
1.663721874959667808e-09
-4.103065248024130414e-08
