-5.019690062521154608e-09
-2.592046784831659518e-06
2.656641681572563363e-06
-7.365674594322186036e-09
6.138424502964404976e-09
-3.334030444612274408e-02
3.507400147297887356e-03
1.471435923150068609e-08
-1.710418134952039033e-08
1.250549151382461927e-07
-1.640441679665028483e-07
-1.475106747989405644e-02
4.775177861390444480e-08
7.887644470014756786e-08
3.209242523045020834e-02
6.600638884759384151e-02
-2.762952279221240886e-08
1.696685630322337711e-07
-2.434456292266556909e-02
-4.708046832766156036e-07
8.355849248000298745e-09
4.438918269099959166e-08
1.831676002301505955e-03
1.080650936438295601e-01
-1.308330642016046493e-08
7.273453294353781193e-08
-1.226178073556122641e-06
-3.574692522779877521e-03
7.071463554027682812e-09
6.628116065595893186e-08
-4.180132113657085893e-08
3.757525707805773545e-08
