-4.811101324358378819e-09
-2.856078268248109509e-06
2.318832821897540763e-06
-5.661434144967627169e-09
-2.599710632900484855e-09
-3.332960690536519721e-02
3.516006442086758600e-03
2.231205876864208633e-08
-1.809680467919784239e-08
1.282832044931681088e-07
-1.539320329161347572e-07
-1.476542751943735708e-02
4.909624374967165146e-08
7.361521727585386259e-08
3.215061885708040551e-02
6.610875844070485119e-02
-2.656639602071623051e-08
1.625307524540320151e-07
-2.423342483107422327e-02
-4.696604864234905871e-07
1.367769475557417122e-08
4.135058547567664429e-08
1.823470430924267619e-03
1.078613888586634900e-01
-2.162093315604750410e-08
7.384447024783709595e-08
-1.212536151793753084e-06
-3.940296928023794346e-03
5.880295092558868643e-09
6.165675628667320138e-08
-5.066387814284022533e-08
1.731224982378395062e-08
