-3.748855797372601118e-09
-2.790618918550631796e-06
2.410424995721218453e-06
-1.353233724166356871e-08
4.242964437666595381e-09
-3.339105793539916961e-02
3.515719430673474363e-03
1.542550552917763291e-08
-1.503502335425147538e-08
1.259968067946738944e-07
-1.613125465796083710e-07
-1.473535246663579788e-02
4.915492447160419637e-08
7.317090244947680501e-08
3.213725541667708518e-02
6.604115708649792305e-02
-2.482116029567560318e-08
1.689365496004757956e-07
-2.430251241245352106e-02
-4.669224043908941512e-07
8.357554958956775240e-09
5.197389062675986946e-08
1.806263739802718227e-03
1.080581426651192750e-01
-1.623763235307641107e-08
7.089111040064098368e-08
-1.179378394869064553e-06
-3.654721196496594701e-03
5.402115298673379009e-09
6.728778624476106707e-08
-4.849574310360403465e-08
4.565994352209711107e-08
