-3.389981219054132923e-06
-2.737483124373057506e-08
-1.099689952653114998e-08
2.778255237113440877e-06
-3.306884421377368627e-02
2.394003573131549736e-08
8.605123738372949663e-09
3.430909703002785541e-03
1.693429822957568437e-08
-1.469806584058060833e-02
5.003731886963824039e-09
-1.091226936955354552e-07
-1.525568112690835772e-08
6.999266138566033468e-02
2.017696510806761799e-08
2.946152581515731547e-02
6.122634668320230248e-08
-6.327476324069596109e-07
-2.950359991640264135e-08
-2.187430089501015557e-02
2.089387050841979711e-08
1.076226017750889635e-01
5.084179529707373990e-09
5.600053406291111016e-04
2.592591496873201306e-08
-1.180384214012398895e-02
-1.325641656568384501e-08
-6.477091658969637029e-04
2.937165165619128032e-08
-1.031170179768419292e-07
2.057294914028861290e-08
8.402033836430531291e-08
