-4.350834915253597897e-06
-1.301945319696869194e-08
6.117506672272946900e-09
3.053870444372627619e-06
-3.310072580031107187e-02
2.034562376889647524e-08
1.156450508542521399e-08
3.402774104436769032e-03
2.488361147426840953e-08
-1.460414574463458209e-02
7.368478511212373349e-09
-1.249300892156087952e-07
-2.020571711841326202e-08
7.003249545617701299e-02
3.046577194492658919e-08
2.951648129342411206e-02
4.768916147988928842e-08
-6.048325505412559947e-07
-2.570121558930638992e-08
-2.197002290838778044e-02
1.424454943822169484e-08
1.075651384842389591e-01
8.699554665725234127e-10
5.735654177863399759e-04
1.897412920442978034e-08
-1.190751205616716324e-02
-3.234024188110419025e-08
-5.792571407227054209e-04
2.159611022798305923e-08
-8.340057728262642062e-08
1.151592908552790203e-08
1.031757246304655766e-07
