-1.646212845611530172e-05
4.767221653266131534e-08
-7.144001497611158436e-09
2.215327378454332158e-06
-3.306501383785281217e-02
3.264890062359401818e-08
-5.367752834166676116e-08
3.404059363673178889e-03
4.927542595951306224e-08
-1.479178504541987099e-02
1.527497647820133934e-08
-1.696075167807572616e-07
-2.938512073779107161e-08
6.993203364815921141e-02
-2.952795898943540632e-08
2.943531304971477511e-02
3.349177298160862194e-08
-5.841010855362390501e-07
-4.499253336749356691e-08
-2.179147567754264811e-02
2.866735402648175872e-08
1.075854034438734619e-01
1.457941406666736660e-08
5.956220129574042168e-04
4.336344131620609540e-08
-1.175194288373068198e-02
1.634306704136730344e-08
-7.162956410829581346e-04
7.810086569457697501e-08
-4.997508580429743494e-08
2.006353917539568693e-08
7.934823205667360936e-08
