3.547824513070970774e-09
-2.816076634389320662e-06
2.765835283082046190e-06
-4.959842072738790899e-09
2.118261439092744796e-08
-3.335524925276916325e-02
3.517946299451478031e-03
-2.568709904092602022e-08
-4.280991829353023293e-08
1.301705612412620128e-07
-1.828732147777527538e-07
-1.474197437440507262e-02
6.972793775440168605e-08
9.055830156913155136e-08
3.212099017754590363e-02
6.604253470002967308e-02
-4.903221189765744268e-08
1.747920258174991111e-07
-2.429729929062313804e-02
-4.903013494531110765e-07
2.963500671335671116e-08
5.813847048569934452e-08
1.810692280975005229e-03
1.080456578562606629e-01
-1.903894060361113989e-09
5.720459235763991952e-08
-1.159011311903813263e-06
-3.661466655716493629e-03
4.943178332055540607e-10
3.803441596861698121e-08
-5.901627943892042633e-08
6.051042829032564603e-08
