-3.166480931974813431e-06
-1.886448521115313943e-08
-2.277177331019754138e-09
2.574115049189014883e-06
-3.332523223084134928e-02
1.036113551563981762e-08
4.933834872901094971e-09
3.484064235218889329e-03
1.337828499615140649e-07
-1.467018803680730614e-02
-1.573078662193916433e-08
-1.612592905173762422e-07
7.921381016845659844e-08
6.621486038619295300e-02
4.559438530360249390e-08
3.214617571045390310e-02
1.675054359191686088e-07
-4.411905570141128966e-07
-2.471544390715715793e-08
-2.422725421410705862e-02
4.944709560028087417e-08
1.079292650094777761e-01
8.766551797243054418e-09
1.776614804110669688e-03
6.124886561055096490e-08
-3.978577285242255665e-03
-1.872130079934994451e-08
-1.153975343710250158e-06
5.829479865296211695e-08
2.331745272677628641e-08
-9.327945052058957499e-10
-5.840467822054729797e-08
