1.608936476392560313e-07
-5.668128315106983122e-06
2.637631811451371834e-06
-7.256868712861009028e-08
-5.338593865557937313e-08
-3.299101075783618386e-02
3.386150643700928595e-03
-5.385165756592954373e-08
3.086382374356495192e-08
-2.662733374571726624e-08
-1.221806619150971683e-07
-1.500596442755063910e-02
-3.751786049626643334e-08
4.048678995748689002e-08
2.932419608260050659e-02
6.965573402423906602e-02
-6.711213389511359963e-08
8.541290323219040934e-08
-2.177641100981091149e-02
-6.784824755500597047e-07
1.065447229657508248e-08
-8.028527863413591091e-08
6.623865763921277629e-04
1.071937909266382771e-01
-8.648204862358494953e-08
-2.692105257211630756e-08
-9.498959356966193328e-04
-1.184083014327488685e-02
8.677188438088195080e-08
7.867380118209605589e-08
9.446752789366494396e-08
-2.954354794572100830e-08
