-4.650666462235005265e-08
-7.859629625093627944e-06
2.708529332580274830e-06
-1.621743005787730169e-09
3.281291714617616568e-09
-3.288002032628940113e-02
3.420605678607925235e-03
-5.191765621092347091e-09
2.141405352256298693e-08
-2.466058168709198445e-08
-4.836585491000793864e-08
-1.494431319890836621e-02
2.487297744259838196e-08
4.232023490487878558e-08
2.941003829285717894e-02
6.955865351129680851e-02
2.107694541449089726e-08
3.640435559947623632e-08
-2.180943234587686547e-02
-5.619839744538639402e-07
3.410214248548592237e-08
-1.588773524895655024e-08
6.730497713447321185e-04
1.069534433783912303e-01
-4.177668490894683310e-09
-4.845438483119461066e-09
-1.092509226168280907e-03
-1.209110921002112295e-02
-1.683416863929590441e-08
2.764281917612714405e-08
-2.426047318037389471e-09
-1.569234026205503504e-07
