-2.786154640629013755e-06
-1.531815658109904100e-08
-4.374665109928688845e-09
2.525179784278907536e-06
-3.333662179587661145e-02
8.895642710334883221e-09
7.419531560684745736e-09
3.512893180431900762e-03
1.314040997225850056e-07
-1.461009283195564314e-02
-1.671530337125268303e-08
-1.567430575385127745e-07
7.704514298816421204e-08
6.635576338769987037e-02
4.530585394181653455e-08
3.213541641674896171e-02
1.711310226224183113e-07
-4.681462771701564925e-07
-2.633295101016394129e-08
-2.416548396785822214e-02
5.376838113283929812e-08
1.076630924159220626e-01
1.497810978800672363e-08
1.826074831367588283e-03
7.224528318153197555e-08
-4.303905016481959257e-03
-9.935015816410612559e-09
-1.200919161223616867e-06
6.490440224257338722e-08
5.347119259143215058e-09
4.239472858852045326e-09
-6.353925851562992384e-08
