-2.728047978345986857e-06
-1.203482513160750632e-08
-7.127537212458744489e-09
2.479218734393436535e-06
-3.337119230156599531e-02
1.171076185773688411e-08
6.144075918560278254e-09
3.511377074818541975e-03
1.263910182841640912e-07
-1.468060725383566259e-02
-1.587433791054939889e-08
-1.621631713115823196e-07
7.247132114321709899e-08
6.609419567998435496e-02
5.107380590555966017e-08
3.214289847671239486e-02
1.673982442624776560e-07
-4.619138838001535269e-07
-2.924772942662226010e-08
-2.429685951610661976e-02
4.801980148376976060e-08
1.080328953355131905e-01
8.707116520173587391e-09
1.805586693497258834e-03
7.325792375037681843e-08
-3.728704089853079190e-03
-1.227133080136644685e-08
-1.191669812539955693e-06
6.423541311236493747e-08
4.402313774959640859e-08
5.355252506991304130e-09
-5.434231686089968986e-08
