JOB 0
COORDS  4.3735595952e-01  5.1503412996e+00 -5.1623641430e-02  9.3554352976e-01  4.2396788073e+00  8.8673826832e-01 -9.4509473332e-02  4.6843147384e+00 -1.2557419766e+00  9.0359689155e-01  2.8720108617e+00  6.1539659322e-01 -1.3027608829e-01  3.3133721476e+00 -1.5290508234e+00 -2.5921852066e-01 -5.6285503550e-02 -4.8825303297e+00 -1.3427859197e+00  2.3115668998e-01 -4.0507820733e+00  1.0057292051e+00 -5.0835049944e-02 -4.2937775865e+00  3.7958384860e-01  2.4031327410e+00 -5.9855244695e-01  6.6726822374e-02  5.0947796847e-01 -2.2978406066e+00 -7.5696790088e-01  2.5901955731e-01  9.6937394643e-02  1.2360841019e+00 -7.7475561359e-01  4.8755576105e-01  3.0560987836e-01  8.9422388063e-01 -8.2976584845e-01 -7.1335335854e-01 -1.5777446280e+00  1.8623749820e+00 -1.1835218496e+00  5.1958734392e-01 -2.7490347083e+00  1.1759860870e+00  2.2672899006e-01 -2.9911577954e+00 -7.1775992931e-02 -7.6123077925e-01  8.3203304047e-01  1.5314797175e+00  2.0847194003e-01 -3.6878607176e-01  2.1150196566e+00 -1.6535248293e+00  9.7017023055e-01 -1.9118803082e+00  5.3414508145e-01  2.4894182018e-01  4.6146959907e-01  6.2158544495e+00  1.5779190707e-01  1.3467366265e+00  4.5947867169e+00  1.8272771474e+00 -4.8863022964e-01  5.3860426174e+00 -1.9850104451e+00  1.3022320970e+00  2.1744094154e+00  1.3478653690e+00 -5.6974320299e-01  2.9703292970e+00 -2.4584520261e+00 -3.9359520252e-01 -2.7991102017e-01 -5.9356260707e+00 -2.3641141386e+00  2.3364716414e-01 -4.4254717276e+00  1.9028106432e+00 -2.7344104178e-01 -4.8670238906e+00 -7.0014192623e-01 -2.6345574607e+00  1.5822576785e+00 -2.2837931986e-01 -1.4274922582e+00  2.8307266125e+00 -1.7492353412e+00 -1.2436285474e+00  1.9283098424e+00  2.2915255756e+00  1.3692422073e-01 -1.0440632309e+00  1.8337550499e+00 -2.3735399821e+00  1.6241699918e+00  3.0986103548e+00 -1.5873615399e+00  7.3551934148e-01
ENERGY -8.908623166156e+02

JOB 1
COORDS  3.9981269245e-01  5.1201561705e+00 -2.5415400082e-02  1.1723091596e+00  4.2360578791e+00  7.3345810135e-01 -3.8839102549e-01  4.6297023285e+00 -1.0701372442e+00  1.1620692263e+00  2.8698541359e+00  4.4404125404e-01 -4.0303065901e-01  3.2637948818e+00 -1.3636081970e+00 -1.6067389324e-01 -4.0487091178e-02 -4.9389709749e+00 -1.2574749118e+00  2.8956850222e-01 -4.1415308452e+00  1.0835196982e+00 -8.6534140767e-02 -4.3095511738e+00  3.8872572753e-01  2.3818612885e+00 -6.1850074305e-01  1.0386960009e-01  5.0558300061e-01 -2.3417097583e+00 -7.7863576559e-01  2.5787207876e-01  4.1138765470e-02  1.1939870241e+00 -7.8552745985e-01  4.9750228084e-01  3.1384825837e-01  8.7203270129e-01 -8.6384685491e-01 -7.8506356374e-01 -1.5164416895e+00  1.8699170913e+00 -1.1292310697e+00  5.6746226256e-01 -2.8340933415e+00  1.2222716577e+00  1.8011419552e-01 -3.0011957431e+00 -1.1668911532e-01 -7.4010017118e-01  8.2546224582e-01  1.5175060882e+00  1.6834846872e-01 -3.8304776405e-01  2.0522444895e+00 -1.6662239815e+00  1.0121812012e+00 -1.9380502272e+00  5.3678254985e-01  1.4811229760e-01  4.0789341675e-01  6.1826925367e+00  1.9994575485e-01  1.7827769168e+00  4.6083296339e+00  1.5511480058e+00 -1.0009386704e+00  5.3091548840e+00 -1.6556524867e+00  1.7743451494e+00  2.1948762958e+00  1.0346627471e+00 -1.0460550436e+00  2.8924774159e+00 -2.1529793227e+00 -2.7013616468e-01 -2.5689443402e-01 -5.9963855414e+00 -2.2651275877e+00  3.3486474798e-01 -4.5490112424e+00  1.9892614366e+00 -3.4308099634e-01 -4.8542174565e+00 -7.8545227206e-01 -2.5811570389e+00  1.6210629493e+00 -3.0966444476e-01 -1.3448824788e+00  2.8393944021e+00 -1.8162454697e+00 -1.1644740041e+00  1.9120687874e+00  2.2686757071e+00  5.1299373260e-02 -1.0633715414e+00  1.7506065170e+00 -2.3686830706e+00  1.6761650668e+00  3.0394773023e+00 -1.6218579121e+00  7.8780566408e-01
ENERGY -8.908633859958e+02

JOB 2
COORDS  3.9320258252e-01  5.1160252796e+00 -5.1021046165e-02  1.3564862805e+00  4.2849661292e+00  5.2618870644e-01 -5.8128468121e-01  4.5685461734e+00 -8.9193717229e-01  1.3523584218e+00  2.9123231583e+00  2.6096240910e-01 -5.9086211536e-01  3.1992285608e+00 -1.1635115024e+00 -1.6173802384e-02  7.7230716735e-03 -4.9456453598e+00 -1.1257184413e+00  3.8976073092e-01 -4.1896968810e+00  1.1952325695e+00 -1.1525861202e-01 -4.2655321498e+00  3.8934715469e-01  2.3711030078e+00 -5.9960160928e-01  1.6675355572e-01  5.0836474603e-01 -2.3320808032e+00 -7.8204857690e-01  2.4085862826e-01  2.9320825124e-02  1.1806988081e+00 -7.8834936705e-01  5.4607470486e-01  3.3306847299e-01  8.5908171838e-01 -8.4318943636e-01 -8.2931141139e-01 -1.5143143866e+00  1.8758485173e+00 -1.0386548595e+00  6.4455922432e-01 -2.8746712897e+00  1.2922835497e+00  1.2830023907e-01 -2.9485895761e+00 -1.3584946914e-01 -7.4103931995e-01  8.4541254127e-01  1.5245039176e+00  1.5838581862e-01 -3.3638805827e-01  2.0278908527e+00 -1.6666353890e+00  1.0819931352e+00 -1.9480951353e+00  5.0630991578e-01  9.4978776563e-02  3.9751029044e-01  6.1821096055e+00  1.5727386582e-01  2.1126234020e+00  4.7017716754e+00  1.1852672480e+00 -1.3411699116e+00  5.2069008165e+00 -1.3334243517e+00  2.1076755936e+00  2.2771694538e+00  7.1257652031e-01 -1.3640226703e+00  2.7757632294e+00 -1.7946046852e+00 -9.2296181431e-02 -1.8927858087e-01 -6.0097283012e+00 -2.1108054981e+00  4.9611119484e-01 -4.6387667182e+00  2.1079683473e+00 -4.1519161746e-01 -4.7752155287e+00 -8.2045492122e-01 -2.5802898243e+00  1.6324831737e+00 -3.7895308906e-01 -1.3362296087e+00  2.8559304504e+00 -1.8621876972e+00 -1.1651514943e+00  1.8895939862e+00  2.2726597971e+00  1.3145248465e-02 -1.0159168345e+00  1.7138747159e+00 -2.3674692823e+00  1.7419895284e+00  3.0197912441e+00 -1.6202738959e+00  8.7969007363e-01
ENERGY -8.908646784403e+02

JOB 3
COORDS  3.8565631482e-01  5.1146078602e+00 -1.0560982337e-01  1.4690122639e+00  4.3235792390e+00  2.8369765283e-01 -7.2084156971e-01  4.5211546795e+00 -7.2331120261e-01  1.4494065931e+00  2.9439002638e+00  5.5683237178e-02 -7.4761108129e-01  3.1457332371e+00 -9.5858254073e-01  6.3775281317e-02  1.0254160140e-01 -4.9555363442e+00 -1.0532358610e+00  5.1937538887e-01 -4.2280129590e+00  1.2440874712e+00 -9.3660988477e-02 -4.2401193445e+00  3.4528763079e-01  2.3565890008e+00 -5.7240354129e-01  1.7929179609e-01  5.2915449431e-01 -2.3271671638e+00 -8.2860884013e-01  2.0636017454e-01  8.0565524899e-03  1.1325462385e+00 -7.9220285383e-01  5.8287622998e-01  3.0219799114e-01  8.4509046917e-01 -8.2620696293e-01 -9.0082451710e-01 -1.5311955575e+00  1.8693317386e+00 -9.9876473843e-01  7.3760056964e-01 -2.9055807173e+00  1.3069654322e+00  1.1293536482e-01 -2.9139863457e+00 -1.9015546847e-01 -7.5291988023e-01  8.5445077422e-01  1.4882366132e+00  1.4834808003e-01 -3.0183025410e-01  1.9745940994e+00 -1.6607240851e+00  1.1415991845e+00 -2.0034869979e+00  4.4194250332e-01  2.9625619219e-02  4.0107951724e-01  6.1859092037e+00  7.3494200125e-02  2.3306049291e+00  4.7759601776e+00  7.6628125475e-01 -1.5691590094e+00  5.1304638022e+00 -1.0215188479e+00  2.2948874234e+00  2.3382972387e+00  3.6509024670e-01 -1.6091547396e+00  2.6876467968e+00 -1.4313197605e+00  1.5249946751e-02 -6.4885124254e-02 -6.0262389073e+00 -2.0157385293e+00  6.8378584734e-01 -4.7075812815e+00  2.1590858061e+00 -4.2313188865e-01 -4.7268748739e+00 -8.8022531588e-01 -2.5970488732e+00  1.6260364018e+00 -4.7162363581e-01 -1.3503701992e+00  2.8582933064e+00 -1.9359318653e+00 -1.1886142657e+00  1.8617650763e+00  2.2334783560e+00 -1.5691770551e-02 -9.8160973075e-01  1.6499137541e+00 -2.3585406911e+00  1.7996532974e+00  2.9709547121e+00 -1.6047962700e+00  9.6501930472e-01
ENERGY -8.908654765817e+02

JOB 4
COORDS  3.8580236074e-01  5.1094899024e+00 -1.7767277082e-01  1.5407649660e+00  4.3481159611e+00  1.9045806704e-02 -8.0478472665e-01  4.4800751743e+00 -5.5641579328e-01  1.5075323646e+00  2.9617643005e+00 -1.5828120879e-01 -8.4647829645e-01  3.0966741658e+00 -7.3963081299e-01  1.6326160141e-01  1.8724750639e-01 -4.9411195774e+00 -9.6100188182e-01  6.3397663046e-01 -4.2413936143e+00  1.3083648792e+00 -7.6440073771e-02 -4.1920649612e+00  3.1227618654e-01  2.3357504788e+00 -5.3087723047e-01  2.0276638249e-01  5.4196598981e-01 -2.3015780520e+00 -8.6415574632e-01  1.6012791870e-01  3.8023510106e-03  1.0967058263e+00 -8.0551235992e-01  6.3431287673e-01  2.7829686384e-01  8.2467201229e-01 -7.9116735313e-01 -9.5870709271e-01 -1.5689543143e+00  1.8703772697e+00 -9.4376661675e-01  8.1850018219e-01 -2.9136782878e+00  1.3323231860e+00  9.3645946000e-02 -2.8585786749e+00 -2.3182906050e-01 -7.7936747132e-01  8.7601113542e-01  1.4612082419e+00  1.3404065234e-01 -2.4779411126e-01  1.9355697267e+00 -1.6640924622e+00  1.2127604439e+00 -2.0464090002e+00  3.5999717486e-01 -1.6037309872e-02  4.1313705874e-01  6.1864259687e+00 -3.8134223677e-02  2.4696447293e+00  4.8299408350e+00  3.1036833097e-01 -1.7054431410e+00  5.0668695683e+00 -7.1241224868e-01  2.4099750794e+00  2.3808416354e+00  2.1276480931e-03 -1.7681320796e+00  2.6141885833e+00 -1.0442770736e+00  1.4577584706e-01  4.9355489407e-02 -6.0169693845e+00 -1.8976539191e+00  8.5217886555e-01 -4.7498191121e+00  2.2258621963e+00 -4.3108385286e-01 -4.6557937726e+00 -9.1365803176e-01 -2.6344911733e+00  1.6289326759e+00 -5.6073417905e-01 -1.3803548173e+00  2.8708110140e+00 -1.9987212658e+00 -1.2437670711e+00  1.8327454165e+00  2.2078445806e+00 -4.1845994489e-02 -9.2388834385e-01  1.6071727750e+00 -2.3628731468e+00  1.8679504131e+00  2.9351374011e+00 -1.5910489753e+00  1.0626475998e+00
ENERGY -8.908653618234e+02

JOB 5
COORDS  3.8474410330e-01  5.0832198236e+00 -2.3084464487e-01  1.5707425983e+00  4.3433581960e+00 -2.6225252604e-01 -8.4526012405e-01  4.4296634844e+00 -3.4963915338e-01  1.5262844621e+00  2.9545745376e+00 -4.0380658810e-01 -8.9775294102e-01  3.0408667677e+00 -4.9483502432e-01  2.6399030594e-01  2.3257061386e-01 -4.9259639360e+00 -8.7483050532e-01  6.7967377008e-01 -4.2492067998e+00  1.3839772576e+00 -5.9658969012e-02 -4.1505162454e+00  2.9098374910e-01  2.3005559380e+00 -5.0116114495e-01  2.3214449190e-01  5.3165908209e-01 -2.2805092113e+00 -8.8746594070e-01  9.7184630465e-02 -6.1374600784e-03  1.0724686357e+00 -8.3298021807e-01  6.7677530892e-01  2.6156806722e-01  7.8910607363e-01 -7.6487067838e-01 -1.0012652272e+00 -1.6317041258e+00  1.8588102723e+00 -8.9272941481e-01  8.3791632160e-01 -2.9184808487e+00  1.3725134013e+00  8.2240773037e-02 -2.8130488222e+00 -2.6204414391e-01 -8.2706212206e-01  8.8599545302e-01  1.4429560823e+00  1.0815491271e-01 -1.9986929922e-01  1.9097670564e+00 -1.6772929663e+00  1.2781482855e+00 -2.0744448282e+00  2.6288525446e-01 -6.3548582397e-02  4.2002553005e-01  6.1632607897e+00 -1.2032735004e-01  2.5305668210e+00  4.8451292134e+00 -1.7960976632e-01 -1.7694301540e+00  5.0002126572e+00 -3.3576545075e-01  2.4546910600e+00  2.3923300597e+00 -4.2751865275e-01 -1.8541586377e+00  2.5449054576e+00 -6.1257287052e-01  2.7578743069e-01  1.1727004644e-01 -6.0045584898e+00 -1.7934515598e+00  9.2084422648e-01 -4.7797537262e+00  2.3103693469e+00 -4.1499233827e-01 -4.5955653309e+00 -9.3038751183e-01 -2.6957959210e+00  1.6171159391e+00 -6.3366753620e-01 -1.4378677980e+00  2.8697904714e+00 -2.0456926360e+00 -1.3257065064e+00  1.7936420758e+00  2.2020954578e+00 -6.3824935305e-02 -8.6270235320e-01  1.5769569964e+00 -2.3786040316e+00  1.9283479574e+00  2.9115631857e+00 -1.5854227566e+00  1.1558577901e+00
ENERGY -8.908645003945e+02

JOB 6
COORDS  3.7633418817e-01  5.1024733210e+00 -2.5389981840e-01  1.5301300399e+00  4.3784808389e+00 -5.7487782442e-01 -8.3724335011e-01  4.4323536095e+00 -8.6354019298e-02  1.4681761158e+00  2.9922304800e+00 -7.1681021259e-01 -9.0633190144e-01  3.0422355087e+00 -2.2922776854e-01  3.4314076372e-01  2.2372139077e-01 -4.9294301272e+00 -8.1415357266e-01  6.7202564385e-01 -4.2849584541e+00  1.4437422703e+00 -6.0269905718e-02 -4.1240046760e+00  2.5296767234e-01  2.3180689003e+00 -5.2403245466e-01  2.4054335501e-01  5.3679827457e-01 -2.2882732551e+00 -9.3643413768e-01  9.7980014227e-02 -5.0595376183e-02  1.0129089479e+00 -8.0234240518e-01  7.0114997636e-01  2.2485160210e-01  8.0372264691e-01 -7.7467812268e-01 -1.0888979540e+00 -1.6309433556e+00  1.8107949038e+00 -8.6788715070e-01  8.3800047892e-01 -2.9564851199e+00  1.3966712502e+00  8.8851115737e-02 -2.7878150091e+00 -3.2853309165e-01 -8.1488959523e-01  8.6438976473e-01  1.3979890816e+00  1.3777504897e-01 -1.6854232076e-01  1.8410762144e+00 -1.6300307872e+00  1.3377960392e+00 -2.1235742217e+00  2.4334435681e-01 -1.4958519142e-01  4.2380669955e-01  6.1820973076e+00 -1.4410531877e-01  2.4756009488e+00  4.8933003367e+00 -7.1954150539e-01 -1.7394607446e+00  4.9893475570e+00  1.4919049773e-01  2.3694924668e+00  2.4440568960e+00 -9.7720608281e-01 -1.8624150300e+00  2.5423259916e+00 -1.3013497837e-01  3.8323985299e-01  1.0228407895e-01 -6.0066889830e+00 -1.7189070959e+00  9.0867979166e-01 -4.8407958307e+00  2.3826055485e+00 -4.1458664927e-01 -4.5430151084e+00 -9.8392382388e-01 -2.6943202507e+00  1.5785970877e+00 -7.6804462105e-01 -1.4238888966e+00  2.8350162366e+00 -2.1364605418e+00 -1.3495551710e+00  1.7006811754e+00  2.1856983145e+00 -2.2717269195e-02 -7.9882070587e-01  1.4941148337e+00 -2.3252933026e+00  1.9870368036e+00  2.8451953954e+00 -1.5211644351e+00  1.2546430142e+00
ENERGY -8.908633388845e+02

JOB 7
COORDS  4.0538054221e-01  5.1414452604e+00 -2.0386511742e-01  1.4380221066e+00  4.4468449040e+00 -8.4479159927e-01 -7.1616568151e-01  4.4476966732e+00  2.5366321979e-01  1.3462188504e+00  3.0666400913e+00 -1.0193731070e+00 -8.1249495364e-01  3.0618962095e+00  8.2648608596e-02  4.1871504664e-01  1.3968804398e-01 -4.9015154918e+00 -7.5697720667e-01  5.9881169196e-01 -4.2990130051e+00  1.5022695904e+00 -1.0609454454e-01 -4.0614766643e+00  2.2537850866e-01  2.3672199480e+00 -5.4478982523e-01  2.5178776336e-01  5.4006225608e-01 -2.2744401740e+00 -9.9162383071e-01  1.4717279989e-01 -8.5502524494e-02  9.3035131505e-01 -7.6683240839e-01  7.2373603358e-01  1.9448192023e-01  8.5167579442e-01 -7.6943550026e-01 -1.2140175759e+00 -1.6344448234e+00  1.7162817482e+00 -8.4312350525e-01  8.0774333141e-01 -2.9786260757e+00  1.4235915506e+00  8.7357230473e-02 -2.7320922198e+00 -4.1866243157e-01 -7.9542486408e-01  8.2020198135e-01  1.3449002674e+00  1.9524255648e-01 -1.0501897970e-01  1.7333881686e+00 -1.5983545420e+00  1.3875436793e+00 -2.1732656166e+00  3.1174918566e-01 -2.1345477995e-01  4.7350321478e-01  6.2172982022e+00 -7.0663050611e-02  2.3090764372e+00  4.9808555238e+00 -1.2135658550e+00 -1.5265447105e+00  4.9825717362e+00  7.4032965201e-01  2.1477667669e+00  2.5400382351e+00 -1.5317642750e+00 -1.7065092273e+00  2.5493721936e+00  4.1763399416e-01  4.8493128719e-01 -1.7650814007e-02 -5.9728698101e+00 -1.6504651486e+00  8.0903039939e-01 -4.8830532466e+00  2.4539035327e+00 -4.6483720887e-01 -4.4466422510e+00 -1.0838534091e+00 -2.6925891287e+00  1.4733791502e+00 -9.4769188502e-01 -1.4402309965e+00  2.7585854765e+00 -2.2583350385e+00 -1.3639054454e+00  1.5582982736e+00  2.1831098394e+00  7.6631865281e-02 -6.7389063466e-01  1.3615580039e+00 -2.3030175805e+00  2.0123807869e+00  2.7396395100e+00 -1.4836975447e+00  1.3519898816e+00
ENERGY -8.908625609048e+02

JOB 8
COORDS  3.9180421384e-01  5.1656059951e+00 -1.6116615361e-01  1.2471654333e+00  4.5347068270e+00 -1.0709063714e+00 -5.5175297157e-01  4.4118136777e+00  5.4053681207e-01  1.1579726964e+00  3.1576427449e+00 -1.2759017961e+00 -6.4227688718e-01  3.0309290935e+00  3.4062725350e-01  5.1054227314e-01  4.2796276607e-02 -4.8831860234e+00 -6.6367927972e-01  5.5973047997e-01 -4.3260932167e+00  1.5644157454e+00 -2.0948180407e-01 -4.0081324060e+00  2.1586926431e-01  2.3988686910e+00 -5.6559948700e-01  2.9277538169e-01  5.3448340126e-01 -2.2746422185e+00 -1.0147793031e+00  1.8551299701e-01 -1.3337372592e-01  8.7635429343e-01 -7.4812392092e-01  7.2541166436e-01  1.9732716132e-01  8.8574434852e-01 -7.7967783282e-01 -1.3037219930e+00 -1.6405394126e+00  1.6140411257e+00 -7.7487226950e-01  8.1398104625e-01 -3.0157454256e+00  1.4601402613e+00  3.0521831611e-02 -2.6877962375e+00 -4.7616915717e-01 -7.8452106572e-01  7.6442957918e-01  1.3207050808e+00  2.3353031869e-01 -6.3512719140e-02  1.6535580344e+00 -1.5895725902e+00  1.4072874244e+00 -2.1892399260e+00  3.7272994487e-01 -2.8649241835e-01  4.5612450981e-01  6.2388824764e+00 -6.9651504358e-03  1.9777717088e+00  5.1160076046e+00 -1.6259488875e+00 -1.2265211169e+00  4.8973327964e+00  1.2395249091e+00  1.8231897929e+00  2.6816980831e+00 -1.9916154087e+00 -1.4006240069e+00  2.4712161200e+00  8.7761518335e-01  5.9771238680e-01 -1.5208863021e-01 -5.9468826678e+00 -1.5350545414e+00  7.8003406977e-01 -4.9391310321e+00  2.5132975271e+00 -6.1012636506e-01 -4.3571455214e+00 -1.1630782174e+00 -2.6937613473e+00  1.3561236549e+00 -1.0778035927e+00 -1.4667071576e+00  2.6694810473e+00 -2.3416519584e+00 -1.3673809419e+00  1.4218805028e+00  2.1942723371e+00  1.4102875888e-01 -5.7989808994e-01  1.2580983959e+00 -2.3055545377e+00  2.0041059099e+00  2.6605584961e+00 -1.4761212677e+00  1.4112517878e+00
ENERGY -8.908621694939e+02

JOB 9
COORDS  3.8243255398e-01  5.1781797068e+00 -1.1705847222e-01  1.0155352431e+00  4.6152632521e+00 -1.2286904025e+00 -3.2814568734e-01  4.3597518907e+00  7.6638487201e-01  9.3895782974e-01  3.2396173360e+00 -1.4579250161e+00 -4.0439233333e-01  2.9844337641e+00  5.3999996657e-01  6.1314433678e-01 -2.4496066067e-02 -4.8632297615e+00 -5.7395115854e-01  4.9968948793e-01 -4.3420985348e+00  1.6503312472e+00 -2.5241532886e-01 -3.9614356961e+00  2.3025946456e-01  2.4173753384e+00 -5.7282513799e-01  3.4190132687e-01  5.2730767965e-01 -2.2713397455e+00 -1.0227194136e+00  2.2536749798e-01 -1.6434749942e-01  8.3640703991e-01 -7.4148707821e-01  7.3004853230e-01  2.1574719199e-01  9.0678131790e-01 -7.8605652731e-01 -1.3752010206e+00 -1.6227448360e+00  1.5489420971e+00 -7.1217970111e-01  7.8372251875e-01 -3.0401046090e+00  1.5188776807e+00  1.8471100247e-02 -2.6499356714e+00 -5.1709426636e-01 -7.6820145430e-01  7.2863584263e-01  1.3109843867e+00  2.4725301208e-01 -3.2428109564e-02  1.5867332627e+00 -1.5958076524e+00  1.4260574286e+00 -2.1891215835e+00  4.4396774349e-01 -3.3007129805e-01  4.3632188154e-01  6.2490566373e+00  5.6537759207e-02  1.5637350764e+00  5.2467357175e+00 -1.9217824804e+00 -8.3085849040e-01  4.7927441037e+00  1.6262527037e+00  1.4330296030e+00  2.8196619281e+00 -2.3289652962e+00 -9.7717321586e-01  2.3693738781e+00  1.2285329637e+00  7.2238953360e-01 -2.4391923032e-01 -5.9201183713e+00 -1.4341085262e+00  7.0147345003e-01 -4.9769531077e+00  2.6073619669e+00 -6.5751156729e-01 -4.2819877676e+00 -1.2438829271e+00 -2.6744747926e+00  1.2803726840e+00 -1.1706030409e+00 -1.4663440282e+00  2.6115177476e+00 -2.4045846678e+00 -1.3315456453e+00  1.3379854605e+00  2.2049085645e+00  1.6135362868e-01 -5.1344862882e-01  1.1685289625e+00 -2.3159391086e+00  2.0020052839e+00  2.5943294953e+00 -1.4926137962e+00  1.4583099946e+00
ENERGY -8.908618960471e+02

JOB 10
COORDS  3.7130299483e-01  5.2003207136e+00 -1.3167552197e-01  7.7464698169e-01  4.6878405738e+00 -1.3665035698e+00 -9.0907014289e-02  4.3327577771e+00  8.6458674438e-01  7.1658265940e-01  3.3124437153e+00 -1.6109315109e+00 -1.4798015675e-01  2.9609922769e+00  6.2231569715e-01  7.5243894088e-01 -4.4484448814e-02 -4.8862660142e+00 -4.7339798164e-01  4.1622809651e-01 -4.3976866022e+00  1.7829285759e+00 -1.9570209352e-01 -3.9600296258e+00  2.5511153605e-01  2.4432767416e+00 -6.1716824808e-01  3.9849573445e-01  5.3731486867e-01 -2.3100880207e+00 -1.0383233404e+00  2.8306555480e-01 -2.4053927864e-01  7.7680577460e-01 -7.2326251158e-01  7.0123054263e-01  2.3189253298e-01  9.3364911979e-01 -8.3447209929e-01 -1.4729539760e+00 -1.5599685524e+00  1.4610105882e+00 -6.5384872393e-01  7.1449933105e-01 -3.1032268719e+00  1.6101654102e+00  9.0619358503e-02 -2.6574785042e+00 -5.7647241473e-01 -7.2688056303e-01  6.5973475282e-01  1.2903808246e+00  2.5893046005e-01 -4.3880897941e-02  1.4913015051e+00 -1.5903047121e+00  1.4190486186e+00 -2.1938992105e+00  5.3622795781e-01 -4.2689531610e-01  4.1180756239e-01  6.2697376928e+00  5.4078432739e-02  1.1309559854e+00  5.3571109697e+00 -2.1441201026e+00 -4.1234503204e-01  4.7261724005e+00  1.8245251672e+00  1.0294376046e+00  2.9348662058e+00 -2.5788070057e+00 -5.1657176756e-01  2.3009964497e+00  1.4045831837e+00  8.9548433847e-01 -2.7601057867e-01 -5.9365322416e+00 -1.3318610790e+00  5.5401637862e-01 -5.0516802784e+00  2.7677053436e+00 -5.5101781041e-01 -4.2545646432e+00 -1.3579930400e+00 -2.6151577080e+00  1.1986151681e+00 -1.2920459316e+00 -1.4049255721e+00  2.5281290110e+00 -2.4900928614e+00 -1.2468878471e+00  1.2235484862e+00  2.2038220557e+00  1.7439606199e-01 -4.8706332080e-01  1.0435803879e+00 -2.3069346220e+00  1.9768733820e+00  2.4996754057e+00 -1.5085447809e+00  1.4774617960e+00
ENERGY -8.908617135952e+02

JOB 11
COORDS  6.1118642314e-01 -4.1734411177e+00 -3.0263846748e+00  1.5645178366e+00 -4.1914370298e+00 -2.0068178239e+00 -2.6097116742e-01 -3.0845994926e+00 -3.1444779977e+00  1.6513946342e+00 -3.1283960835e+00 -1.1017807541e+00 -1.7445725659e-01 -2.0238304538e+00 -2.2447960951e+00  3.9251958021e+00 -1.2703273340e+00  2.5606396381e+00  4.0825708494e+00 -4.9441614982e-01  1.4124403057e+00  2.6799922164e+00 -1.8748466111e+00  2.7476516765e+00  7.8121945376e-01 -2.0410638429e+00 -1.2177148755e+00  1.9454759662e+00 -9.8103259285e-01  7.9996596602e-01 -5.2651596554e-01 -5.7913898553e-01  3.9024302455e-01  1.3781369030e-01  1.3246632405e+00 -6.7262572927e-01  8.4700312439e-01 -8.4990971863e-01 -2.6586381808e-01 -2.0800503125e+00  1.4357453704e+00  5.1352494362e-01  3.0867213178e+00 -3.3968609261e-01  5.2373520485e-01  1.6816664216e+00 -1.7352932158e+00  1.8621387950e+00 -8.3606681194e-01  7.8747603067e-01  9.8659253358e-02  1.0627851142e+00  4.1835362478e-01 -1.0006103007e+00  1.4497382006e-01  2.5987914151e+00 -1.0654900368e+00 -1.2486253274e+00 -1.3143309919e+00  9.9941123421e-01  5.4450970970e-01 -5.0022196323e+00 -3.7252666244e+00  2.2424313418e+00 -5.0344006089e+00 -1.9100752335e+00 -1.0067247947e+00 -3.0657753108e+00 -3.9338734776e+00  2.3923388067e+00 -3.1677781828e+00 -3.1102683133e-01 -8.5546869949e-01 -1.1815803043e+00 -2.3492609763e+00  4.7311997212e+00 -1.3939062938e+00  3.2763333184e+00  5.0172575214e+00  1.6246963740e-02  1.1922626914e+00  2.4694895485e+00 -2.4871606809e+00  3.6219009775e+00 -1.8743288971e+00  2.2727793049e+00  1.1862492325e+00 -2.6498175047e+00  1.7705376045e+00 -3.5758032429e-01 -2.6612087445e+00  6.8610277571e-01  1.0514014951e+00  2.0303019943e+00  6.7296583530e-01 -1.1930852325e+00  8.5851538378e-01  2.9437366575e+00 -1.6969565138e+00 -5.9164219350e-01  3.2376645533e+00 -7.9261443464e-01
ENERGY -8.908617874688e+02

JOB 12
COORDS  5.7701683543e-01 -4.1653342974e+00 -3.0036414128e+00  1.3413869381e+00 -4.2916503007e+00 -1.8420260425e+00 -8.5920880501e-02 -2.9622248463e+00 -3.2709593308e+00  1.4471127427e+00 -3.2238956073e+00 -9.4498399607e-01  2.0134514255e-02 -1.8950665917e+00 -2.3795424905e+00  3.9931961645e+00 -1.2132205064e+00  2.5159562111e+00  4.1241849455e+00 -4.5700966929e-01  1.3509199302e+00  2.7528708260e+00 -1.8123954494e+00  2.7431471974e+00  7.8650046044e-01 -2.0212181460e+00 -1.2112944525e+00  1.9738300522e+00 -9.5413044854e-01  7.9541638446e-01 -5.1786241279e-01 -6.0034597645e-01  4.1955836753e-01  9.1860410773e-02  1.3239181839e+00 -6.3829529265e-01  8.5594827974e-01 -8.3368876015e-01 -2.5127951693e-01 -2.1295296974e+00  1.3691133749e+00  5.4500980193e-01  3.1086837757e+00 -3.1714639093e-01  4.8347438976e-01  1.7339749569e+00 -1.6873879238e+00  1.8778768377e+00 -8.6785255466e-01  7.5736191958e-01  1.2809282656e-01  1.0396256800e+00  4.4286634846e-01 -9.7462474002e-01  6.8292180288e-02  2.6003216366e+00 -1.0229218122e+00 -1.2150642627e+00 -1.3552881700e+00  1.0332691457e+00  4.9649238302e-01 -4.9973943979e+00 -3.6971501085e+00  1.8568967940e+00 -5.2233366644e+00 -1.6280631211e+00 -6.8236840484e-01 -2.8563570660e+00 -4.1725218317e+00  2.0288806577e+00 -3.3498598017e+00 -3.9281920990e-02 -4.8996824402e-01 -9.6146030833e-01 -2.6042740592e+00  4.8154856815e+00 -1.3246242780e+00  3.2148786487e+00  5.0533337100e+00  5.0118569165e-02  1.1011183046e+00  2.5617251311e+00 -2.4078178465e+00  3.6333616183e+00 -1.9478521105e+00  2.2066616743e+00  1.2240144107e+00 -2.7062078915e+00  1.6940921751e+00 -3.2520186523e-01 -2.6910331278e+00  6.0019887666e-01  1.0765510410e+00  2.0024930482e+00  7.2126614937e-01 -1.1603629083e+00  7.7418331400e-01  2.9669117482e+00 -1.6507987257e+00 -6.8001468067e-01  3.2212387759e+00 -7.4052661836e-01
ENERGY -8.908622086385e+02

JOB 13
COORDS  5.7343496798e-01 -4.1741303147e+00 -2.9770302970e+00  1.0942992906e+00 -4.3654463242e+00 -1.6945815241e+00  1.5566269651e-01 -2.9000452482e+00 -3.3731375988e+00  1.2027569871e+00 -3.2912139087e+00 -8.0751432422e-01  2.6346039516e-01 -1.8232463396e+00 -2.4908359243e+00  4.0763386914e+00 -1.1888667806e+00  2.4435789585e+00  4.1669645317e+00 -4.2443742655e-01  1.2799156100e+00  2.8502976191e+00 -1.8045947269e+00  2.6995344549e+00  7.8790474597e-01 -2.0152080995e+00 -1.2049723940e+00  2.0090731227e+00 -9.4506795842e-01  7.7784311920e-01 -5.0019480505e-01 -6.2531859872e-01  4.5387811286e-01  5.3777284325e-02  1.3146541251e+00 -6.0321916163e-01  8.6564543375e-01 -8.2736722164e-01 -2.4236981150e-01 -2.1590847658e+00  1.3037013700e+00  5.9624314019e-01  3.1276170199e+00 -2.9191582527e-01  4.4073317201e-01  1.8069573579e+00 -1.6866888677e+00  1.8622460989e+00 -8.8636911285e-01  7.2334020840e-01  1.6769798079e-01  1.0182933721e+00  4.5634823351e-01 -9.5300279637e-01  1.0659230967e-03  2.5926465862e+00 -9.7900396081e-01 -1.1692840847e+00 -1.3971955114e+00  1.0781368529e+00  4.9239245636e-01 -5.0119608455e+00 -3.6635101453e+00  1.4165076822e+00 -5.3536261277e+00 -1.3793779532e+00 -2.4976551819e-01 -2.7429479396e+00 -4.3685408193e+00  1.5819865031e+00 -3.4614507405e+00  1.9329707552e-01 -5.0745003616e-02 -8.3542621716e-01 -2.8150980991e+00  4.9180347184e+00 -1.2939977621e+00  3.1199543519e+00  5.0827485046e+00  9.5983920456e-02  1.0089990209e+00  2.6898315169e+00 -2.4070801305e+00  3.5910181884e+00 -1.9922959123e+00  2.1425359299e+00  1.2774799612e+00 -2.7490302727e+00  1.6181215657e+00 -2.6888314374e-01 -2.6985290082e+00  5.1967700549e-01  1.1285425374e+00  1.9751653095e+00  7.5580098010e-01 -1.1390604740e+00  6.9541955602e-01  2.9779763108e+00 -1.6085229897e+00 -7.5512685990e-01  3.1975353437e+00 -6.8304697287e-01
ENERGY -8.908630932081e+02

JOB 14
COORDS  5.9932491046e-01 -4.1969374641e+00 -2.9330391752e+00  8.3289454229e-01 -4.4010913936e+00 -1.5692444785e+00  4.5986579706e-01 -2.8967673531e+00 -3.4248200645e+00  9.3266433225e-01 -3.3146137164e+00 -6.9820569987e-01  5.5673583072e-01 -1.8036517624e+00 -2.5588488770e+00  4.1861407330e+00 -1.1909395486e+00  2.3403716071e+00  4.2170293012e+00 -3.7103700922e-01  1.2123558053e+00  2.9884929372e+00 -1.8587937423e+00  2.6007355995e+00  7.9420223917e-01 -2.0114919463e+00 -1.1944803267e+00  2.0622669283e+00 -9.3982662038e-01  7.4745076985e-01 -4.6200303456e-01 -6.3952649518e-01  4.9530386644e-01  2.7766866850e-02  1.3043500915e+00 -5.8330142082e-01  8.8654993788e-01 -8.1855173988e-01 -2.3705847719e-01 -2.1664450253e+00  1.2478382878e+00  6.4879091152e-01  3.1488580228e+00 -2.3486004906e-01  4.1045020322e-01  1.9170863350e+00 -1.7367688699e+00  1.8009978136e+00 -8.8894082748e-01  6.9400258791e-01  1.9963037856e-01  1.0090366361e+00  4.6766849743e-01 -9.4345098004e-01 -5.5027882461e-02  2.5806785284e+00 -9.5809654124e-01 -1.0943885124e+00 -1.4184752745e+00  1.1492684926e+00  5.2534452606e-01 -5.0455529760e+00 -3.6070415312e+00  9.3661721554e-01 -5.4096590000e+00 -1.1796129405e+00  2.7875708221e-01 -2.7295680061e+00 -4.4827057627e+00  1.0903373445e+00 -3.4814808989e+00  3.6136164582e-01  4.5592955683e-01 -7.9777237561e-01 -2.9537776332e+00  5.0505013477e+00 -1.2991658262e+00  2.9869415910e+00  5.1069765236e+00  1.9167554855e-01  9.3998007708e-01  2.8746396274e+00 -2.5069960815e+00  3.4669198854e+00 -2.0066110127e+00  2.0889670749e+00  1.3289108978e+00 -2.7748385162e+00  1.5511861976e+00 -2.0734285850e-01 -2.6818783985e+00  4.5235988497e-01  1.1878245040e+00  1.9622759577e+00  7.9298500867e-01 -1.1089798093e+00  6.2050621280e-01  2.9779727722e+00 -1.6005587242e+00 -8.1884394637e-01  3.1707482992e+00 -6.5180307140e-01
ENERGY -8.908644215574e+02

JOB 15
COORDS  6.2897705793e-01 -4.2041587323e+00 -2.8808917044e+00  5.6994388864e-01 -4.3887534606e+00 -1.4950989009e+00  7.6560721218e-01 -2.9163235809e+00 -3.4041269016e+00  6.5135054491e-01 -3.2949682611e+00 -6.3205115842e-01  8.4411535015e-01 -1.8145133072e+00 -2.5463938626e+00  4.2873288529e+00 -1.2127690416e+00  2.2319588711e+00  4.2458082507e+00 -3.1124179661e-01  1.1693808532e+00  3.1274195683e+00 -1.9504857570e+00  2.4790814192e+00  7.8904760026e-01 -2.0036079834e+00 -1.1608536198e+00  2.1011503963e+00 -9.3592454450e-01  7.3273932605e-01 -4.4062428990e-01 -6.4853429858e-01  5.6753641241e-01 -2.7246907717e-02  1.2878692521e+00 -5.5141920549e-01  8.8659188336e-01 -8.0979007296e-01 -2.0356772027e-01 -2.2024466955e+00  1.1858084144e+00  7.1153140175e-01  3.1445538211e+00 -1.6195178296e-01  4.1429443653e-01  2.0258595507e+00 -1.8160066866e+00  1.7254664008e+00 -9.1840674043e-01  6.6039470792e-01  2.4680076843e-01  9.7754676149e-01  4.7828533681e-01 -9.1020821842e-01 -1.4907226257e-01  2.5575426169e+00 -9.3711436957e-01 -1.0292491913e+00 -1.4238225154e+00  1.2666352610e+00  5.6715083799e-01 -5.0591992517e+00 -3.5480178391e+00  4.5895331769e-01 -5.3876087418e+00 -1.0830022496e+00  8.1173118123e-01 -2.7648888876e+00 -4.4787568915e+00  6.0007720591e-01 -3.4399963929e+00  4.4122168431e-01  9.4901776617e-01 -8.1832529778e-01 -2.9634349181e+00  5.1776209742e+00 -1.3317190617e+00  2.8402556613e+00  5.1021720302e+00  3.0745169197e-01  9.1139766394e-01  3.0715286804e+00 -2.6661321353e+00  3.2964877859e+00 -2.0540873467e+00  2.0383800297e+00  1.3799364865e+00 -2.8310032314e+00  1.4637577300e+00 -1.3854353564e-01 -2.6887347778e+00  3.8363282876e-01  1.2673377162e+00  1.9252560480e+00  8.3447926097e-01 -1.0486509055e+00  5.0396181960e-01  2.9649146273e+00 -1.5963558365e+00 -9.2563102728e-01  3.1293274570e+00 -6.2822798780e-01
ENERGY -8.908654682667e+02

JOB 16
COORDS  6.4898345956e-01 -4.1986818906e+00 -2.8366952138e+00  2.9810485987e-01 -4.3331924720e+00 -1.4892881646e+00  1.0574917061e+00 -2.9556892325e+00 -3.3273375294e+00  3.5452600398e-01 -3.2338244425e+00 -6.3029766353e-01  1.1127237937e+00 -1.8489037213e+00 -2.4752863032e+00  4.3481854096e+00 -1.2077300147e+00  2.1248838568e+00  4.2465377339e+00 -2.4607711579e-01  1.1216535338e+00  3.2201222715e+00 -1.9992771761e+00  2.3586667228e+00  7.6262581199e-01 -1.9883333069e+00 -1.1270319890e+00  2.1102163475e+00 -9.1308235347e-01  7.1153637271e-01 -4.4183274915e-01 -6.1814498023e-01  6.3218406132e-01 -8.2679124573e-02  1.2938073744e+00 -5.4632614475e-01  8.6029140598e-01 -7.8802486020e-01 -1.7651991475e-01 -2.2304903762e+00  1.1891173061e+00  7.6197197809e-01  3.1170404187e+00 -8.7351148950e-02  4.0947478570e-01  2.0937093558e+00 -1.8578680977e+00  1.6459218278e+00 -9.5197905236e-01  6.6882149038e-01  2.7692011099e-01  9.3163487165e-01  4.9409043080e-01 -9.0020714749e-01 -2.2799847546e-01  2.5538734787e+00 -9.5435777970e-01 -9.9581316924e-01 -1.3685655566e+00  1.3860695014e+00  6.0389930987e-01 -5.0575569893e+00 -3.5002334266e+00 -2.1262059097e-02 -5.2968432984e+00 -1.1029871453e+00  1.3315679977e+00 -2.8435288663e+00 -4.3724121171e+00  9.2767168093e-02 -3.3455279908e+00  4.1560829089e-01  1.4242447250e+00 -8.8707722657e-01 -2.8696185453e+00  5.2602990484e+00 -1.3340471164e+00  2.6983588015e+00  5.0752129622e+00  4.1401417151e-01  8.7636802401e-01  3.2136201537e+00 -2.7661893501e+00  3.1301848748e+00 -2.0768820229e+00  2.0606931818e+00  1.4042089231e+00 -2.8837982581e+00  1.4366016555e+00 -7.8702608134e-02 -2.6913445855e+00  3.9565767363e-01  1.3508621040e+00  1.8753609082e+00  8.6832341131e-01 -1.0233014780e+00  4.0451453273e-01  2.9523881874e+00 -1.6385724354e+00 -1.0103266677e+00  3.1198281033e+00 -6.4930363111e-01
ENERGY -8.908652379879e+02

JOB 17
COORDS  6.7539033949e-01 -4.1873656664e+00 -2.8308760296e+00  5.8509244100e-02 -4.2567390745e+00 -1.5788614293e+00  1.3308949077e+00 -3.0140310900e+00 -3.2173771983e+00  8.9641459026e-02 -3.1604742125e+00 -7.1203128986e-01  1.3635154290e+00 -1.9137021608e+00 -2.3584441905e+00  4.4010124994e+00 -1.1793627755e+00  2.0197830084e+00  4.2577383224e+00 -2.1065788885e-01  1.0288305132e+00  3.2881456333e+00 -1.9841917781e+00  2.2828399270e+00  7.4008896930e-01 -1.9852034565e+00 -1.1053080186e+00  2.1154842994e+00 -8.9282703204e-01  6.8513148334e-01 -4.3866201144e-01 -6.0452580367e-01  6.8951657063e-01 -1.3819709421e-01  1.2883983723e+00 -5.3699429003e-01  8.3543131612e-01 -7.8009922441e-01 -1.5866452908e-01 -2.2434953265e+00  1.1832468659e+00  8.3783196197e-01  3.1035627233e+00 -5.5621493169e-02  3.5541063533e-01  2.1381127539e+00 -1.8483062980e+00  1.6085664487e+00 -9.7578469253e-01  6.6699958538e-01  3.2170115328e-01  8.7725069674e-01  4.9646808445e-01 -9.0030590692e-01 -3.1348028331e-01  2.5380289115e+00 -9.6517705544e-01 -9.5741804659e-01 -1.3380298104e+00  1.4850903982e+00  6.4855686921e-01 -5.0420578226e+00 -3.5007385814e+00 -4.4865223721e-01 -5.1664182389e+00 -1.2705441582e+00  1.8160241839e+00 -2.9533964167e+00 -4.1873492305e+00 -3.7108512547e-01 -3.2338590459e+00  2.6608389706e-01  1.8747267151e+00 -1.0089731720e+00 -2.6731205736e+00  5.3327867667e+00 -1.3024789441e+00  2.5615112971e+00  5.0722746741e+00  4.5844417196e-01  7.6166686911e-01  3.3148649724e+00 -2.7587757081e+00  3.0462708240e+00 -2.0788632508e+00  2.0682056330e+00  1.4587079064e+00 -2.9255004020e+00  1.4084475244e+00  1.3874960666e-02 -2.6770495276e+00  3.9665086405e-01  1.4558704154e+00  1.8125055118e+00  8.8100850549e-01 -1.0500752342e+00  2.9208091853e-01  2.9301022931e+00 -1.6769237530e+00 -1.0959966264e+00  3.0983779597e+00 -6.5052868030e-01
ENERGY -8.908641316734e+02

JOB 18
COORDS  6.8009176297e-01 -4.1906837671e+00 -2.8245712729e+00 -1.4897432927e-01 -4.1518107270e+00 -1.7018578604e+00  1.5527400015e+00 -3.1267782924e+00 -3.0803606733e+00 -1.1780962997e-01 -3.0546776818e+00 -8.3372691984e-01  1.5878468578e+00 -2.0300779296e+00 -2.2194940892e+00  4.4778312697e+00 -1.0871368976e+00  1.9174125458e+00  4.3065218209e+00 -1.5565429480e-01  8.9584381631e-01  3.3738680280e+00 -1.8821891680e+00  2.2412811499e+00  7.4716789131e-01 -1.9884505571e+00 -1.0968312275e+00  2.1556939656e+00 -8.4964933590e-01  6.3858000318e-01 -3.8956037799e-01 -5.7285799473e-01  7.1617219291e-01 -1.3779076306e-01  1.2945259577e+00 -5.5917008849e-01  8.5229033637e-01 -7.6764940081e-01 -1.7245851223e-01 -2.1774744731e+00  1.2271390627e+00  9.1423889091e-01  3.1335988618e+00 -2.5218767655e-02  2.4991114182e-01  2.2053585079e+00 -1.7707106847e+00  1.5952304259e+00 -9.3606690381e-01  6.9531620399e-01  3.5222825235e-01  8.5859763269e-01  4.9214801538e-01 -9.4806456993e-01 -3.3396631712e-01  2.5332949766e+00 -1.0101338999e+00 -8.8003999110e-01 -1.2925677356e+00  1.5417682319e+00  6.5230848561e-01 -5.0452799681e+00 -3.4944732327e+00 -8.2247480556e-01 -4.9778660887e+00 -1.4927120302e+00  2.2065228680e+00 -3.1526094837e+00 -3.9474241164e+00 -7.4631990817e-01 -3.0559299527e+00  4.8802548792e-02  2.2770708352e+00 -1.2152212565e+00 -2.4245777235e+00  5.4245115126e+00 -1.1901776333e+00  2.4370556240e+00  5.1127802271e+00  5.0299288824e-01  5.8165191296e-01  3.4228142037e+00 -2.6285005158e+00  3.0313492390e+00 -1.9835356555e+00  2.1321175193e+00  1.4965486277e+00 -2.9013781995e+00  1.4248862664e+00  1.1941171271e-01 -2.5772011055e+00  4.6108757183e-01  1.5791302446e+00  1.7822538259e+00  8.7032353780e-01 -1.1645124605e+00  2.3599691912e-01  2.9049439581e+00 -1.7611425102e+00 -1.1078558957e+00  3.0976800571e+00 -6.8172109863e-01
ENERGY -8.908631213969e+02

JOB 19
COORDS  6.7449196799e-01 -4.2135050541e+00 -2.8649801303e+00 -3.1508159238e-01 -4.0552730254e+00 -1.8932603762e+00  1.7145493310e+00 -3.2808736808e+00 -2.9551125139e+00 -2.7810200109e-01 -2.9680022064e+00 -1.0126456089e+00  1.7571604510e+00 -2.1971083276e+00 -2.0789914991e+00  4.5046353382e+00 -1.0012804256e+00  1.8710897560e+00  4.3038495588e+00 -9.2003280474e-02  8.3517369118e-01  3.4234040008e+00 -1.8193939213e+00  2.2140049143e+00  7.5676912122e-01 -2.0335547575e+00 -1.1078745194e+00  2.1697783991e+00 -8.4445572815e-01  6.0184060235e-01 -3.6463168289e-01 -6.1962781190e-01  7.2507224491e-01 -1.6030933877e-01  1.2500378629e+00 -5.5768438701e-01  8.5528732022e-01 -8.0620310277e-01 -1.9570690607e-01 -2.1329007603e+00  1.1877811195e+00  1.0048910324e+00  3.1245119710e+00 -2.2025672063e-03  1.9339748708e-01  2.2490792434e+00 -1.7479281039e+00  1.5733244295e+00 -9.1596685399e-01  6.5450484958e-01  3.9315697147e-01  8.1570193996e-01  4.4539097798e-01 -9.8722691186e-01 -3.8099583813e-01  2.4857615786e+00 -1.0062639547e+00 -8.3207694828e-01 -1.3497550766e+00  1.5545030440e+00  6.4179219299e-01 -5.0602539949e+00 -3.5445329152e+00 -1.1191767172e+00 -4.7807922535e+00 -1.8113560174e+00  2.4931002778e+00 -3.4013784009e+00 -3.7029342858e+00 -1.0407896752e+00 -2.8819278729e+00 -2.4764648675e-01  2.5768879647e+00 -1.4862468664e+00 -2.1502722213e+00  5.4563691264e+00 -1.0710661846e+00  2.3870891042e+00  5.0914595694e+00  5.8134846977e-01  5.0511866664e-01  3.4958410840e+00 -2.5517374139e+00  3.0152886231e+00 -1.9151431767e+00  2.0971519772e+00  1.5716770170e+00 -2.8922107783e+00  1.3788523025e+00  2.4201130317e-01 -2.5011742998e+00  4.2561185833e-01  1.6920762597e+00  1.7183566434e+00  8.2003613827e-01 -1.2788690205e+00  1.5573797090e-01  2.8587657766e+00 -1.7806943354e+00 -1.1450150238e+00  3.0465202405e+00 -6.4982664405e-01
ENERGY -8.908625502760e+02

JOB 20
COORDS  6.2519135641e-01 -4.2015879291e+00 -2.9170497087e+00 -4.7358028364e-01 -3.8880279718e+00 -2.1140370206e+00  1.7934576451e+00 -3.4371195214e+00 -2.8245905225e+00 -4.1288635213e-01 -2.8130882720e+00 -1.2214283016e+00  1.8590589800e+00 -2.3663828344e+00 -1.9329265878e+00  4.5178345365e+00 -9.1589425477e-01  1.8364758948e+00  4.2820351607e+00  2.6832202557e-03  8.1637977612e-01  3.4693367516e+00 -1.7821112179e+00  2.1630639192e+00  7.5454218536e-01 -2.0485054529e+00 -1.1282590993e+00  2.1788221320e+00 -8.2768542041e-01  5.6682916558e-01 -3.4456692823e-01 -6.5675729796e-01  7.3146686749e-01 -1.8126364240e-01  1.2318120163e+00 -5.3047081318e-01  8.5673109826e-01 -8.2286651845e-01 -2.1994802206e-01 -2.0929765778e+00  1.1526461829e+00  1.1057611357e+00  3.1004492827e+00  5.7681425295e-02  1.7413435401e-01  2.2936627442e+00 -1.7446551126e+00  1.5224335303e+00 -8.9861379278e-01  6.2699347394e-01  4.4498060278e-01  7.7415523988e-01  4.3037453044e-01 -1.0083466309e+00 -4.2067706681e-01  2.4718334633e+00 -9.5717982683e-01 -7.9288571960e-01 -1.4082634054e+00  1.5514694105e+00  5.7551215463e-01 -5.0396986820e+00 -3.6062079947e+00 -1.3799278898e+00 -4.4834942700e+00 -2.1740435335e+00  2.6542334769e+00 -3.6789734047e+00 -3.4413427777e+00 -1.2700529414e+00 -2.6053377279e+00 -5.9020885560e-01  2.7751549481e+00 -1.7852028905e+00 -1.8655603638e+00  5.4712493259e+00 -9.5737763444e-01  2.3525004787e+00  5.0431149931e+00  7.1147192573e-01  4.9845537102e-01  3.5699531698e+00 -2.5257654371e+00  2.9507886787e+00 -1.8549291479e+00  2.0558103483e+00  1.6742712349e+00 -2.8798716096e+00  1.3519842097e+00  3.7346480509e-01 -2.4360712502e+00  3.8257654906e-01  1.7972143438e+00  1.6559823393e+00  8.0745543666e-01 -1.3528219886e+00  8.8471042652e-02  2.8556848383e+00 -1.7448156523e+00 -1.1718476008e+00  3.0271831550e+00 -5.6661903645e-01
ENERGY -8.908622201178e+02

JOB 21
COORDS  5.9868616676e-01 -4.2252954904e+00 -2.9130473728e+00 -5.5634107906e-01 -3.7232827590e+00 -2.3064163761e+00  1.8398531486e+00 -3.6492969896e+00 -2.6264179058e+00 -4.7284805313e-01 -2.6492201644e+00 -1.4178649079e+00  1.9261935363e+00 -2.5767398631e+00 -1.7365463868e+00  4.5469174537e+00 -8.0223509851e-01  1.8039889070e+00  4.2749730421e+00  1.0015873456e-01  7.7816104844e-01  3.5294645277e+00 -1.7000306816e+00  2.1424960032e+00  7.6972944948e-01 -2.0720911503e+00 -1.1273141263e+00  2.1994491602e+00 -8.0162483006e-01  5.4500699844e-01 -3.1971924852e-01 -7.0450020229e-01  7.4283329498e-01 -2.0721862179e-01  1.1977769734e+00 -5.0583563392e-01  8.7108536581e-01 -8.4214933077e-01 -2.2973252837e-01 -2.0708174119e+00  1.0881240387e+00  1.1832863806e+00  3.0895306119e+00  1.1051666267e-01  1.4122449528e-01  2.3498232047e+00 -1.7064482486e+00  1.5075905649e+00 -8.8877566788e-01  5.8015108058e-01  4.8745628303e-01  7.4086465681e-01  4.0837217808e-01 -1.0178588611e+00 -4.7372331824e-01  2.4369384519e+00 -9.1898356898e-01 -7.4881470962e-01 -1.4765269176e+00  1.5528363730e+00  5.3271094298e-01 -5.0641985035e+00 -3.5998609669e+00 -1.5222905861e+00 -4.1725433884e+00 -2.5178155346e+00  2.7416576889e+00 -4.0380760515e+00 -3.0904080149e+00 -1.3805982741e+00 -2.2884355601e+00 -9.4309847251e-01  2.8986078391e+00 -2.1432085179e+00 -1.5215476208e+00  5.5037078651e+00 -8.0766860103e-01  2.3154604496e+00  5.0103150200e+00  8.3156701394e-01  4.5097174708e-01  3.6582221138e+00 -2.4336683720e+00  2.9354899628e+00 -1.8259771502e+00  1.9863120657e+00  1.7567342326e+00 -2.8773381986e+00  1.2901983858e+00  4.7333526458e-01 -2.3910210486e+00  3.0674015603e-01  1.8730846884e+00  1.6026821292e+00  7.9698233574e-01 -1.3975146170e+00  1.0167451204e-02  2.8330597759e+00 -1.7164097969e+00 -1.2185077431e+00  2.9819004130e+00 -5.0245216855e-01
ENERGY -8.908619587166e+02

JOB 22
COORDS  6.0653344272e-01 -4.2386897362e+00 -2.9129829047e+00 -5.4017277523e-01 -3.5373268574e+00 -2.5237121188e+00  1.8556769866e+00 -3.8566744821e+00 -2.4187559009e+00 -4.3377203469e-01 -2.4604833203e+00 -1.6442868857e+00  1.9633125157e+00 -2.7780586494e+00 -1.5359716032e+00  4.6288448178e+00 -7.0044726684e-01  1.7252107737e+00  4.3315493004e+00  1.4609494069e-01  6.5879959396e-01  3.6222141210e+00 -1.5806379752e+00  2.1327389101e+00  8.1853841390e-01 -2.0760078613e+00 -1.1441201433e+00  2.2562375340e+00 -7.7505656069e-01  5.1503072728e-01 -2.6372917824e-01 -7.7021128577e-01  7.5727818376e-01 -2.2030373451e-01  1.1606838917e+00 -4.5216869417e-01  9.1744572685e-01 -8.5437027822e-01 -2.3599354002e-01 -2.0463886434e+00  9.7301841444e-01  1.2709829337e+00  3.1343025587e+00  1.1805720608e-01  4.6575672221e-02  2.4292462295e+00 -1.6245122198e+00  1.5232463793e+00 -8.6288499776e-01  5.1031021303e-01  5.4642053702e-01  7.3170274367e-01  4.0234912227e-01 -1.0021092718e+00 -5.2684705834e-01  2.3996571238e+00 -8.3746553277e-01 -6.6690783420e-01 -1.5758976788e+00  1.5463887447e+00  5.2421515713e-01 -5.0807269681e+00 -3.5941546259e+00 -1.5150444185e+00 -3.8341504759e+00 -2.8993414988e+00  2.7483622920e+00 -4.3996503898e+00 -2.7151921004e+00 -1.3361846492e+00 -1.9321804916e+00 -1.3450077561e+00  2.9423110363e+00 -2.4995548367e+00 -1.1597498409e+00  5.5958689675e+00 -6.7546575415e-01  2.2164981493e+00  5.0564325656e+00  8.6251215848e-01  2.7923831453e-01  3.7691918865e+00 -2.2694480368e+00  2.9619482777e+00 -1.8158096161e+00  1.8660617566e+00  1.8581740916e+00 -2.8702452672e+00  1.1673483073e+00  5.7889043002e-01 -2.3341489956e+00  1.6983459495e-01  1.9499991679e+00  1.5691445187e+00  8.1096466476e-01 -1.4139732792e+00 -6.8095407273e-02  2.8222129174e+00 -1.6361574685e+00 -1.2704699847e+00  2.9216250970e+00 -3.9051812349e-01
ENERGY -8.908617318264e+02

JOB 23
COORDS  5.6832029693e-01 -4.2424789309e+00 -2.9059614390e+00 -4.8987044211e-01 -3.3369448544e+00 -2.7627001213e+00  1.7479062248e+00 -4.0509725506e+00 -2.1845233766e+00 -3.6157662224e-01 -2.2483759274e+00 -1.9021034455e+00  1.8766304159e+00 -2.9597052048e+00 -1.3188109921e+00  4.6532307430e+00 -6.1575401029e-01  1.6570105555e+00  4.3550188436e+00  1.5120727073e-01  5.3104230749e-01  3.6375658331e+00 -1.4404591016e+00  2.1462333652e+00  8.2343507935e-01 -2.0523990577e+00 -1.1768783517e+00  2.2625446846e+00 -7.4246085853e-01  4.8601500348e-01 -2.5916839683e-01 -8.1420631959e-01  7.5355579308e-01 -2.6291723829e-01  1.1504183978e+00 -4.0260217593e-01  9.1748107633e-01 -8.4419546535e-01 -2.4908202745e-01 -2.0699602048e+00  8.8198645398e-01  1.3294899515e+00  3.1498440955e+00  9.6505928888e-02 -6.0640424407e-02  2.4339623976e+00 -1.5103466799e+00  1.5574541823e+00 -8.8245680799e-01  4.6322880561e-01  5.8500041468e-01  6.9353856279e-01  4.2190378886e-01 -9.8562231998e-01 -5.9414236770e-01  2.3936659920e+00 -7.5235179313e-01 -6.4520767258e-01 -1.6527440035e+00  1.5156630869e+00  4.6995024030e-01 -5.0929257789e+00 -3.5744049457e+00 -1.4119674946e+00 -3.4828598603e+00 -3.3177766981e+00  2.5706586613e+00 -4.7520929531e+00 -2.2896142104e+00 -1.1903670094e+00 -1.5505117359e+00 -1.8013707479e+00  2.7970676558e+00 -2.8366826341e+00 -7.5891511742e-01  5.6273362040e+00 -5.6966488937e-01  2.1325163947e+00  5.0860105040e+00  8.2415090652e-01  8.8691781667e-02  3.7830467280e+00 -2.0627403641e+00  3.0266811305e+00 -1.8521926532e+00  1.7608511536e+00  1.9424217002e+00 -2.9016992536e+00  1.0817790518e+00  6.4844072551e-01 -2.3387381795e+00  5.3106863102e-02  1.9850338214e+00  1.5145303588e+00  8.4773352189e-01 -1.4134271343e+00 -1.5029838896e-01  2.8460512508e+00 -1.5430856961e+00 -1.3385886970e+00  2.8924148825e+00 -2.8086918347e-01
ENERGY -8.908617797927e+02

