-9.661197266020688743e-06
-2.689291007233367797e-08
5.299150447124615124e-09
2.558275184403472613e-06
-3.306832096291235229e-02
2.060792211412502709e-08
5.409524888469301881e-10
3.398275166795289466e-03
1.518397643393219737e-08
-1.479103414463423839e-02
2.843044749256255856e-09
-1.072575752281064758e-07
-1.671085484395439244e-08
6.995579008543410804e-02
2.379174998260295435e-08
2.945861927675445108e-02
5.406157156839160938e-08
-6.238623319876715593e-07
-2.667431135483097994e-08
-2.180014966649178321e-02
9.478427836135655997e-09
1.076675126431134721e-01
5.275240950418021479e-09
5.732678813718006553e-04
3.315585874046066834e-08
-1.172305416585608939e-02
-1.412867211063995145e-08
-6.641847817649176216e-04
2.213295941367954308e-08
-8.325978516660331411e-08
1.551298136056685962e-08
9.386530001123547194e-08
