-1.066631974346092353e-02
-1.060569485470651076e-08
-2.189439114283250612e-09
2.267930796686729244e-06
-2.282058245988290504e-02
1.267520141575473575e-08
-3.391096419768616263e-09
3.005783023280481428e-03
5.990443468441994351e-10
-1.515690615257232927e-02
-3.169538373269321536e-09
-8.893750979833269964e-08
-2.097403627337010774e-08
6.938155047631668071e-02
3.020431665739369719e-08
2.937979460550577127e-02
5.242378616981892052e-08
-6.974583053135130911e-07
-3.891260382768543917e-08
-2.176188954711279905e-02
1.085705165876741135e-08
1.072570795849585729e-01
-6.646410876805208648e-09
6.650977285218151588e-04
2.545125224112780227e-08
-1.165121105736935912e-02
-1.527271230238238583e-08
-1.020774628742161533e-03
1.508565448595221758e-08
-1.441842602872297519e-07
7.343251517427575414e-09
9.933897383445443686e-08
