-6.700440015317262476e-10
-1.223936076042598381e-02
3.460163358163753691e-06
-1.135561678606611232e-08
8.791412277664425932e-09
-2.032620060037457557e-02
2.837000527011969333e-03
3.064235746142569987e-08
8.811374542569499160e-09
-4.662868322786246235e-09
-1.636061261636475825e-07
-1.733948302206765255e-02
2.607135413779903821e-08
-1.832420664236222752e-08
2.844672173300126158e-02
6.464335195218130770e-02
-3.110294994784484749e-08
5.001817883702395144e-08
-2.176424640132615385e-02
-2.955147138340568638e-06
9.446035360324952314e-09
4.300983481775912069e-09
2.215532431764850960e-03
9.906833150797228482e-02
-1.403921079583868947e-08
3.599154950267008205e-08
-5.428662911105075831e-03
-1.505316632540924793e-02
2.062629177283976207e-08
2.401246153962980303e-08
1.380310564505650331e-07
-4.620328608254833480e-04
