-2.479829495440855992e-06
-5.194381183886550594e-09
-6.647266355575523667e-09
2.398021217754951939e-06
-3.336707762686493689e-02
1.924304406791318906e-08
-8.612155709913944557e-09
3.515236236347614365e-03
1.285868921284016887e-07
-1.474594851327063090e-02
-1.981554732086186878e-08
-1.722052811685622955e-07
8.764321338961071530e-08
6.602543067506698449e-02
4.680755995748966302e-08
3.213616262566509202e-02
1.636477802486780538e-07
-4.608123380456098845e-07
-2.068932235628047818e-08
-2.430323922959719968e-02
5.089040201241819471e-08
1.080529770868775274e-01
1.007835657922633549e-08
1.807053615119876781e-03
7.330638410538431692e-08
-3.661597470366735954e-03
4.047195669288892461e-09
-1.214814612674440519e-06
5.737715394307569439e-08
3.634561937341296039e-08
3.029117349100034486e-09
-6.346972551322109449e-08
