-5.133917029785600115e-06
-3.394495838597164268e-08
8.154982706144701596e-09
2.436076677581070799e-06
-3.310735683310537386e-02
2.590887394400873673e-08
-1.430604841483591415e-08
3.405078568592579888e-03
2.389637990716645596e-08
-1.471660902652986540e-02
1.383520798866227005e-09
-9.935606819444121890e-08
-1.408598394814713219e-08
6.994215042798143656e-02
3.425609456987655656e-08
2.953836228685332785e-02
4.824900918554293471e-08
-6.200286886216286715e-07
-3.796628899526312716e-08
-2.187235318189987079e-02
2.010729185321319687e-09
1.076667549983215122e-01
-1.752852756119332709e-09
5.633237538685232845e-04
3.115967005439070179e-08
-1.176980176536654953e-02
-7.656659276499857621e-09
-6.314769175999810887e-04
1.646707758641112594e-08
-7.210458803973177163e-08
1.320211398723656474e-08
9.101496234045626981e-08
