-6.764510875502758046e-06
-3.053033063723627535e-08
2.151062079903080049e-09
2.629407719863805810e-06
-3.308948362713029501e-02
2.492439161718611765e-09
7.971638112088186485e-09
3.395642571092755049e-03
2.310260671334136830e-08
-1.473190408118186211e-02
2.888845486655160338e-08
-8.965666586081064868e-08
1.762195630644435723e-08
6.991765179146625098e-02
8.038136857995773665e-08
2.951754169303990802e-02
8.201083624975160151e-08
-6.444665958849829710e-07
3.233140329362512877e-08
-2.186811397998299905e-02
2.816126819508986181e-08
1.075524708081009445e-01
-2.893590277616619416e-08
5.885411432695284448e-04
2.404604872705020532e-09
-1.186214867170014807e-02
-1.310360563804121192e-08
-7.087421969501447221e-04
3.691139845030720585e-08
-5.715036240248090849e-08
1.806295080315445513e-08
8.757298576096677445e-08
