-2.622603122075513018e-05
-6.453296572665325509e-09
-1.292559141438627709e-08
2.554228372462647748e-06
-3.305844938362269281e-02
-1.165560303796662839e-08
1.001168128346453042e-10
3.420436317508925624e-03
1.410234296339690350e-08
-1.471721744678204484e-02
2.946737957128798224e-08
-1.301290572014122671e-07
-3.767583056608621852e-08
6.995539082519974805e-02
-2.526480487830570010e-09
2.951090469515654097e-02
2.421505131433700565e-08
-6.386909557962940131e-07
-5.421822010103095343e-08
-2.187670233808265002e-02
5.618891872192023327e-09
1.076088293989383299e-01
-2.024220422725039238e-08
5.904979762300469363e-04
2.896526242709714570e-09
-1.181497490283512329e-02
-3.778925849915670569e-08
-6.498917223486624277e-04
4.030489889022439784e-08
-9.409446831907659554e-08
6.605505727505902053e-10
7.756780344290165333e-08
