1.316945202320856924e-08
-7.938256582313957978e-06
2.477969114224275070e-06
-2.796674883659754168e-09
-1.323165095049311814e-08
-3.294536329659147889e-02
3.397021952628905515e-03
7.044647552876961170e-09
3.283144067444263155e-08
2.621116532418285384e-08
-9.470912150797470462e-08
-1.498628978391401689e-02
2.388173438680297166e-08
-3.974723753182771936e-08
2.938202746158690218e-02
6.960678969187603093e-02
-4.289781074307036368e-08
6.209004068748371196e-08
-2.174774363564835680e-02
-6.548367682195701386e-07
-8.373791691175072276e-09
2.979118582698740761e-08
6.997360755266949887e-04
1.070736814525562602e-01
8.100009941625043227e-09
2.281947348721210316e-08
-1.012152650749702492e-03
-1.195515047289854964e-02
5.781193872177602637e-10
1.879635992375474348e-08
8.573247757128597653e-08
-1.466769551232250621e-07
