1.897540974081763703e-09
-2.592654187210411997e-06
2.402187686074189567e-06
-1.080184399796957892e-08
-1.866678002576372504e-09
-3.328718738785908099e-02
3.531535519054223790e-03
1.474977594565923104e-08
-1.846018018381886729e-08
1.391033480493716877e-07
-1.463550956078520086e-07
-1.433144266252487330e-02
4.299563764906868510e-08
9.064671242932962618e-08
3.203798120135069316e-02
6.745062676927572609e-02
-2.121088094853159700e-08
1.758391991340297797e-07
-2.357190860510781361e-02
-4.182851200448823716e-07
1.062241635542006486e-08
5.391941573801128819e-08
1.773024916534632475e-03
1.063897975889006864e-01
-1.667520015134523940e-08
7.577531214074833688e-08
-1.110674608015087793e-06
-6.576962986449318496e-03
2.357428001387367154e-09
6.167613052519267834e-08
-9.500188125125236334e-08
-1.243190917594117321e-07
