-2.865544375350578106e-06
-6.419219357816852536e-09
-8.516114080492270329e-09
2.334541302625043774e-06
-3.332321570643650976e-02
1.023055561446297976e-08
-1.775557883160490531e-09
3.523415968818778034e-03
1.419323548859794861e-07
-1.450402330909093297e-02
-1.454165699416309626e-08
-1.313753536047243564e-07
7.237801128080305700e-08
6.673094652193867216e-02
4.919868544215543185e-08
3.214488527964675518e-02
1.545239707078717453e-07
-4.388923716798208144e-07
-1.245129622071301803e-09
-2.396260359056721564e-02
8.379024409008854118e-08
1.071991419150619129e-01
2.465332220153161351e-08
1.812933032001354987e-03
7.498804242425655843e-08
-5.132155607027128440e-03
-6.246218668034326906e-09
-1.147607189460773600e-06
7.462181161286425095e-08
-2.431574074277794900e-08
7.257222428232995964e-09
-8.282824194710374203e-08
