JOB 0
COORDS  1.8588986774e+00 -1.0746648757e+00 -1.7354719321e-01  1.1487462198e+00 -8.8543178095e-02  5.1788100106e-01  2.5561861193e+00 -2.0452998112e+00  5.5185079899e-01  2.6593683476e+00 -1.8179467339e+00  6.2996406699e+00  1.1394482465e+00 -7.3044981587e-02  1.9132880421e+00  2.5444242814e+00 -2.0278090673e+00  1.9474359569e+00  2.7295918291e+00 -1.7829406733e+00  4.9070282501e+00  1.6582494843e+00 -1.1253443163e+00  6.9856072549e+00  7.8801071458e-01 -3.5883749833e-01  4.8433989531e+00  1.8458659547e+00 -1.0347861920e+00  2.6605102600e+00  1.8023724922e+00 -1.0437055815e+00  4.1483916348e+00  7.3194033295e-01 -4.0152492533e-01  6.2345528732e+00 -5.5497548774e-01  4.6692125065e-01  7.0624621255e+00  1.8657160175e+00 -1.0886216009e+00 -1.2601670171e+00  6.0284853264e-01  6.7522102638e-01 -2.9961220488e-02  3.1017624697e+00 -2.8277569110e+00  3.0621923417e-02  3.3952841995e+00 -2.3864226725e+00  6.8619557975e+00  6.0205441203e-01  7.2334627950e-01  2.4179643628e+00  3.0649114028e+00 -2.8170432841e+00  2.4797494920e+00  3.5392617269e+00 -2.3104115359e+00  4.4147245904e+00  1.5954949998e+00 -1.1470376775e+00  8.0686900688e+00  1.8481989104e-02  1.8700741356e-01  4.3108250450e+00
ENERGY -9.229469247877e+02

JOB 1
COORDS  1.8710334343e+00 -1.0704330050e+00 -1.5811199586e-01  1.2777807817e+00 -6.9596589114e-03  5.2998739162e-01  2.4362621455e+00 -2.1263250916e+00  5.6421618316e-01  2.7273871429e+00 -1.6844969051e+00  6.3027635518e+00  1.2513589074e+00  3.6450666992e-04  1.9257567691e+00  2.4084827559e+00 -2.1163310207e+00  1.9600892843e+00  2.7884021354e+00 -1.6678720082e+00  4.9088814893e+00  1.6553134121e+00 -1.0957441450e+00  6.9794638927e+00  6.9287809811e-01 -4.6944595914e-01  4.8313788965e+00  1.8215456537e+00 -1.0507702391e+00  2.6664203553e+00  1.7750222552e+00 -1.0547873246e+00  4.1503950299e+00  6.4847142469e-01 -4.9318584853e-01  6.2238608445e+00 -7.2176202431e-01  2.4093710317e-01  7.0473820148e+00  1.8908339441e+00 -1.0772016693e+00 -1.2446837122e+00  8.4118549526e-01  8.2238663132e-01 -2.0563868149e-02  2.8883461752e+00 -2.9648882645e+00  4.0688382906e-02  3.5254869830e+00 -2.1518695065e+00  6.8733528729e+00  8.1356776388e-01  8.4913032146e-01  2.4435716835e+00  2.8203304588e+00 -2.9609862736e+00  2.5047767578e+00  3.6473048381e+00 -2.1041842029e+00  4.4083053264e+00  1.6001143877e+00 -1.1036207133e+00  8.0632211024e+00 -1.2912244397e-01 -2.4463938336e-02  4.2811728542e+00
ENERGY -9.229484865697e+02

JOB 2
COORDS  1.8924095019e+00 -1.0553140123e+00 -1.5235169222e-01  1.4084347505e+00  5.6396138745e-02  5.4549732409e-01  2.3252832111e+00 -2.1804846572e+00  5.5747615200e-01  2.7965864689e+00 -1.5629855422e+00  6.2909437131e+00  1.3560480750e+00  4.2451674007e-02  1.9411845361e+00  2.2736462722e+00 -2.1935057441e+00  1.9531803278e+00  2.8332146591e+00 -1.5736498270e+00  4.8954165028e+00  1.6799681117e+00 -1.0697775644e+00  6.9724405123e+00  6.2400769923e-01 -5.9282549080e-01  4.8302288120e+00  1.7841173881e+00 -1.0842979898e+00  2.6639067469e+00  1.7452959146e+00 -1.0927938592e+00  4.1473274417e+00  6.0445412416e-01 -5.8819027263e-01  6.2240521304e+00 -8.1488568467e-01  3.1353447342e-02  7.0581150370e+00  1.9330548359e+00 -1.0444550436e+00 -1.2383825342e+00  1.0804525962e+00  9.3939742082e-01  2.9771978474e-03  2.6960454776e+00 -3.0518179706e+00  2.3658677462e-02  3.6475442523e+00 -1.9304079372e+00  6.8583200574e+00  1.0027438963e+00  9.1981195610e-01  2.4767288167e+00  2.5909567672e+00 -3.0796297610e+00  2.4967487712e+00  3.7188296220e+00 -1.9346148874e+00  4.3804441826e+00  1.6438392625e+00 -1.0561740357e+00  8.0570124544e+00 -2.3801120544e-01 -2.3358582886e-01  4.2772218943e+00
ENERGY -9.229486474209e+02

JOB 3
COORDS  1.9024180874e+00 -1.0493690724e+00 -1.4865788734e-01  1.5492910215e+00  1.0575690183e-01  5.5706804597e-01  2.1861113404e+00 -2.2273418556e+00  5.5071967884e-01  2.8321274485e+00 -1.4217192326e+00  6.2848428920e+00  1.4770951358e+00  8.2208156723e-02  1.9524893762e+00  2.1157146908e+00 -2.2498682929e+00  1.9462093366e+00  2.8579240961e+00 -1.4524009743e+00  4.8886683277e+00  1.6736379319e+00 -1.0413302511e+00  6.9687402559e+00  5.5339373982e-01 -7.1619569524e-01  4.8309251365e+00  1.7495135613e+00 -1.0986058406e+00  2.6620860418e+00  1.7150827967e+00 -1.1100584424e+00  4.1483505031e+00  5.4519034062e-01 -6.9105103107e-01  6.2253525321e+00 -9.2280522879e-01 -2.0833513904e-01  7.0652607652e+00  1.9587557023e+00 -1.0309896301e+00 -1.2339359769e+00  1.3393290605e+00  1.0282276874e+00  2.1712960820e-02  2.4591037830e+00 -3.1296808290e+00  9.4856322759e-03  3.7224148795e+00 -1.6845100279e+00  6.8499970188e+00  1.2197824740e+00  9.8565881905e-01  2.4996200560e+00  2.3286288545e+00 -3.1685357226e+00  2.4871571495e+00  3.7686591753e+00 -1.7301093903e+00  4.3654602624e+00  1.6457817985e+00 -1.0129949244e+00  8.0533242801e+00 -3.4044570942e-01 -4.4799741478e-01  4.2762782381e+00
ENERGY -9.229474406780e+02

JOB 4
COORDS  1.9036037162e+00 -1.0598701945e+00 -1.4816484759e-01  1.7199236797e+00  1.3326509169e-01  5.5858873057e-01  2.0217935956e+00 -2.2666418278e+00  5.4934867458e-01  2.8679844684e+00 -1.2626368544e+00  6.2892629547e+00  1.6518194828e+00  1.1914971094e-01  1.9550143484e+00  1.9556593635e+00 -2.2798737002e+00  1.9459189087e+00  2.9005042663e+00 -1.2904607791e+00  4.8925173744e+00  1.6684930160e+00 -1.0339662635e+00  6.9698132027e+00  5.2047989341e-01 -8.5571670307e-01  4.8291697241e+00  1.7601612421e+00 -1.0886231026e+00  2.6611787249e+00  1.7249479228e+00 -1.0963011851e+00  4.1517417739e+00  5.0581104519e-01 -8.3204328519e-01  6.2243214587e+00 -1.0133980366e+00 -5.4025442046e-01  7.0610128022e+00  1.9565113506e+00 -1.0489899621e+00 -1.2337610260e+00  1.6355835181e+00  1.0758501166e+00  2.3679546936e-02  2.1647005710e+00 -3.1976864560e+00  6.7196920237e-03  3.7825155439e+00 -1.4126369167e+00  6.8569132896e+00  1.5178589073e+00  1.0474172943e+00  2.5047300080e+00  2.0458741909e+00 -3.2179415731e+00  2.4879139760e+00  3.8380065172e+00 -1.4583502371e+00  4.3697503902e+00  1.6347036929e+00 -1.0097086795e+00  8.0543716578e+00 -3.9689251952e-01 -6.9792740698e-01  4.2705742247e+00
ENERGY -9.229458269590e+02

JOB 5
COORDS  1.8781246935e+00 -1.0737478578e+00 -1.5015847852e-01  1.9021835774e+00  1.3776266753e-01  5.4865677400e-01  1.8133664336e+00 -2.2795451855e+00  5.5582505319e-01  2.8896388455e+00 -1.0907301319e+00  6.3012277785e+00  1.8618624204e+00  1.4306281365e-01  1.9465281020e+00  1.7730619048e+00 -2.2736937522e+00  1.9537492134e+00  2.9384748042e+00 -1.0969406571e+00  4.9043882578e+00  1.6634379233e+00 -1.0440869774e+00  6.9708641574e+00  5.2190152668e-01 -1.0095497972e+00  4.8201774868e+00  1.7974820640e+00 -1.0625048667e+00  2.6608618016e+00  1.7546367197e+00 -1.0562277842e+00  4.1535174278e+00  4.9046436259e-01 -1.0039950243e+00  6.2155205784e+00 -1.0629727230e+00 -9.4509879712e-01  7.0383650477e+00  1.9088925042e+00 -1.0780980261e+00 -1.2366724013e+00  1.9515660610e+00  1.0786308652e+00  6.3878397349e-03  1.7934803334e+00 -3.2247044008e+00  1.9167402944e-02  3.8106462503e+00 -1.1223577124e+00  6.8772925484e+00  1.8795149968e+00  1.0842935540e+00  2.4901732364e+00  1.7217585331e+00 -3.2105093467e+00  2.5028678572e+00  3.8946677731e+00 -1.1333788244e+00  4.3898904438e+00  1.6165308489e+00 -1.0389137345e+00  8.0551991282e+00 -4.0315114444e-01 -9.7785819133e-01  4.2530483688e+00
ENERGY -9.229450664787e+02

JOB 6
COORDS  1.8644280371e+00 -1.0841467128e+00 -1.5092837770e-01  2.0845632539e+00  1.1150781957e-01  5.4089453275e-01  1.6147477525e+00 -2.2610613067e+00  5.6279891186e-01  2.8692997137e+00 -9.1972068930e-01  6.3109763958e+00  2.0583118205e+00  1.2917162693e-01  1.9387864214e+00  1.5866400818e+00 -2.2423087071e+00  1.9605022444e+00  2.9311753123e+00 -9.1027936401e-01  4.9149019638e+00  1.6428032601e+00 -1.0516598336e+00  6.9684700714e+00  5.2748187856e-01 -1.1691319617e+00  4.8061372347e+00  1.8187629009e+00 -1.0492129978e+00  2.6618444988e+00  1.7598458739e+00 -1.0256666352e+00  4.1515139173e+00  4.8357661207e-01 -1.1758093473e+00  6.2007825128e+00 -1.0694603750e+00 -1.3452224996e+00  7.0086381715e+00  1.8839713766e+00 -1.0980875959e+00 -1.2376026062e+00  2.2697696474e+00  1.0318253026e+00 -7.2122967331e-03  1.4414643774e+00 -3.1937189757e+00  3.1926016810e-02  3.7808938168e+00 -8.3093243389e-01  6.8959549458e+00  2.2198085534e+00  1.0603306597e+00  2.4761098224e+00  1.3931795386e+00 -3.1570615551e+00  2.5151478394e+00  3.8888562026e+00 -8.1737691716e-01  4.4102533723e+00  1.5853953415e+00 -1.0610397021e+00  8.0522661196e+00 -3.8764128540e-01 -1.2649473197e+00  4.2301118025e+00
ENERGY -9.229458176549e+02

JOB 7
COORDS  1.8635885012e+00 -1.0856692307e+00 -1.5369989577e-01  2.2458370701e+00  6.5835060859e-02  5.4274199710e-01  1.4484603958e+00 -2.2173354515e+00  5.5636169960e-01  2.8386918173e+00 -7.6035467024e-01  6.3039811758e+00  2.2164639975e+00  8.4029857028e-02  1.9398600882e+00  1.4173470778e+00 -2.1978278649e+00  1.9533247016e+00  2.8980574286e+00 -7.5324023542e-01  4.9084903479e+00  1.6397598023e+00 -1.0421782531e+00  6.9655285584e+00  5.4637999385e-01 -1.3151610104e+00  4.8061924113e+00  1.8127546079e+00 -1.0512419071e+00  2.6610595672e+00  1.7496278639e+00 -1.0200745335e+00  4.1461833151e+00  5.0524282223e-01 -1.3179037718e+00  6.2002874606e+00 -1.0137043438e+00 -1.6755042331e+00  7.0117430485e+00  1.8856446882e+00 -1.0998883457e+00 -1.2402783292e+00  2.5571388657e+00  9.5354758808e-01 -1.9904186032e-03  1.1509731133e+00 -3.1163792217e+00  2.2639065620e-02  3.7332090529e+00 -5.5621328131e-01  6.8864002565e+00  2.4973429646e+00  9.8551987533e-01  2.4786360630e+00  1.1022455634e+00 -3.0811939379e+00  2.5030429620e+00  3.8384553306e+00 -5.5150745700e-01  4.4030877866e+00  1.5852309891e+00 -1.0516081568e+00  8.0494358156e+00 -3.5259199236e-01 -1.5229595768e+00  4.2343244298e+00
ENERGY -9.229474227988e+02

JOB 8
COORDS  1.8757083422e+00 -1.0831118156e+00 -1.5369158750e-01  2.3899316777e+00  8.1552904746e-03  5.5470349547e-01  1.3193645577e+00 -2.1595051015e+00  5.4557472275e-01  2.8037061204e+00 -6.2166717223e-01  6.2971925703e+00  2.3490331427e+00  2.1575045774e-02  1.9508241655e+00  1.2782229299e+00 -2.1441024224e+00  1.9416178807e+00  2.8568930247e+00 -6.2677294486e-01  4.9022175546e+00  1.6462875616e+00 -1.0248437070e+00  6.9698421911e+00  5.8087128924e-01 -1.4428871423e+00  4.8210845983e+00  1.7967097633e+00 -1.0559966020e+00  2.6642813309e+00  1.7438329276e+00 -1.0338390520e+00  4.1472658351e+00  5.4554158136e-01 -1.4328465703e+00  6.2145466998e+00 -9.2459033474e-01 -1.9375173215e+00  7.0381203658e+00  1.9069884605e+00 -1.0940417233e+00 -1.2400239239e+00  2.8136524186e+00  8.5417743049e-01  1.9579048903e-02  9.2358065475e-01 -3.0148596647e+00  3.9784575532e-03  3.6729684782e+00 -3.1233544164e-01  6.8713954663e+00  2.7276475736e+00  8.8379753900e-01  2.4935475883e+00  8.6401274468e-01 -2.9937520167e+00  2.4781895902e+00  3.7716854016e+00 -3.3596090974e-01  4.3937099227e+00  1.5977559962e+00 -1.0251234378e+00  8.0539985290e+00 -2.9918715074e-01 -1.7424644802e+00  4.2610592124e+00
ENERGY -9.229486448211e+02

JOB 9
COORDS  1.9159251323e+00 -1.0539830744e+00 -1.5834199996e-01  1.4043395049e+00 -2.1623215032e+00  5.2444688060e-01  2.3613930122e+00  5.4156376775e-02  5.6951171383e-01  6.2754544286e-01 -1.7507605443e+00  6.2162964433e+00  1.3402876313e+00 -2.1631384872e+00  1.9190909397e+00  2.2970649921e+00  5.2310616785e-02  1.9641036904e+00  6.9056822629e-01 -1.7505492517e+00  4.8223177582e+00  1.5751383004e+00 -1.0590962363e+00  6.9761896391e+00  2.6636521721e+00 -3.6239933635e-01  4.9117078421e+00  1.7917720734e+00 -1.0585517889e+00  2.6638525530e+00  1.7058053476e+00 -1.0507126246e+00  4.1459949538e+00  2.5854645517e+00 -3.7088210357e-01  6.3028419773e+00  3.8027336825e+00  4.9464623755e-01  7.2322068483e+00  1.9652956893e+00 -1.0532022795e+00 -1.2440121398e+00  1.0616724541e+00 -3.0324584264e+00 -2.9644860652e-02  2.7492455516e+00  9.2685299279e-01  5.0385855102e-02 -1.7188357973e-01 -2.2865204175e+00  6.7211324879e+00  9.6868321925e-01 -3.0448546230e+00  2.4332696809e+00  2.6147031983e+00  9.3549266141e-01  2.5111517865e+00 -7.6192669757e-02 -2.2692183443e+00  4.2553161761e+00  1.5332198822e+00 -1.0533510142e+00  8.0605598264e+00  3.4869526635e+00  1.5343268049e-01  4.4293803259e+00
ENERGY -9.229484849914e+02

JOB 10
COORDS  1.9121788325e+00 -1.0502778992e+00 -1.6641088008e-01  1.2692234482e+00 -2.0899479704e+00  5.1210883773e-01  2.4912689508e+00 -1.2856848786e-02  5.7057389402e-01  7.2237570171e-01 -1.8551799717e+00  6.2348219526e+00  1.2098223391e+00 -2.0926732371e+00  1.9065387034e+00  2.4294177408e+00 -1.8064212125e-02  1.9647612566e+00  7.8094047485e-01 -1.8549160517e+00  4.8411146162e+00  1.5880526245e+00 -1.0599789499e+00  6.9902314105e+00  2.5852515581e+00 -2.6060766146e-01  4.9173625766e+00  1.8001875817e+00 -1.0645926496e+00  2.6658985752e+00  1.7043515320e+00 -1.0469758786e+00  4.1511526046e+00  2.5135421032e+00 -2.6961756968e-01  6.3082787824e+00  3.6343457064e+00  7.2853033962e-01  7.2266636878e+00  1.9581818444e+00 -1.0467860231e+00 -1.2521618329e+00  8.1531380878e-01 -2.9055508609e+00 -4.4956708876e-02  2.9824376052e+00  8.1095680926e-01  5.9130403905e-02 -9.2789034714e-03 -2.4777233532e+00  6.7428332674e+00  7.2795856792e-01 -2.9288366130e+00  2.4023960336e+00  2.8557830899e+00  8.2124019194e-01  2.5045953135e+00  7.2097200661e-02 -2.4646265357e+00  4.2918763815e+00  1.5492681715e+00 -1.0540393973e+00  8.0746306926e+00  3.3501756734e+00  3.4196395029e-01  4.4420972379e+00
ENERGY -9.229469335475e+02

JOB 11
COORDS  1.9089663747e+00 -1.0493137845e+00 -1.8036915066e-01  1.1047467825e+00 -1.9740701107e+00  4.9141525187e-01  2.6503119375e+00 -1.2985770390e-01  5.6684976616e-01  8.5395859598e-01 -1.9921620246e+00  6.2416131391e+00  1.0447041234e+00 -1.9772421068e+00  1.8855660477e+00  2.5871797954e+00 -1.3675441176e-01  1.9607811239e+00  9.1314000337e-01 -1.9899804494e+00  4.8482249835e+00  1.5916674413e+00 -1.0754437354e+00  6.9943434748e+00  2.4559143769e+00 -1.4684722189e-01  4.9148605942e+00  1.7831880809e+00 -1.0595884639e+00  2.6581512216e+00  1.7155819753e+00 -1.0676806849e+00  4.1487511403e+00  2.3873921472e+00 -1.6036061960e-01  6.3057417838e+00  3.3328702482e+00  1.0122673138e+00  7.2156194130e+00  1.9571586271e+00 -1.0452341955e+00 -1.2659752605e+00  5.2002286210e-01 -2.6979980560e+00 -7.0353972145e-02  3.2823184696e+00  5.9788335422e-01  6.4419678818e-02  2.2502028014e-01 -2.7171595340e+00  6.7512668373e+00  4.0769516424e-01 -2.7121750445e+00  2.3642689063e+00  3.1798905338e+00  5.9490410817e-01  2.4979258588e+00  3.2120178789e-01 -2.7223891291e+00  4.3125663652e+00  1.5519753111e+00 -1.0694760666e+00  8.0786612695e+00  3.0936510080e+00  5.9118496164e-01  4.4455384498e+00
ENERGY -9.229456121305e+02

JOB 12
COORDS  1.9135375722e+00 -1.0362635237e+00 -1.7401893037e-01  9.6601003123e-01 -1.8247830382e+00  4.8555622534e-01  2.7970252768e+00 -2.6022613048e-01  5.8224019954e-01  9.9613678618e-01 -2.1200882118e+00  6.2305961184e+00  9.0202824496e-01 -1.8333067174e+00  1.8797617453e+00  2.7309501985e+00 -2.7163681383e-01  1.9761973678e+00  1.0591569178e+00 -2.1112358131e+00  4.8371189776e+00  1.5888715656e+00 -1.1027813778e+00  6.9829482573e+00  2.3109709388e+00 -5.3999570645e-02  4.9065191873e+00  1.7727584943e+00 -1.0465709340e+00  2.6575503920e+00  1.7304121220e+00 -1.0857127287e+00  4.1448657394e+00  2.2414493654e+00 -7.7895920246e-02  6.2973630080e+00  2.9806997714e+00  1.2319329641e+00  7.2103579596e+00  1.9650134667e+00 -1.0294544223e+00 -1.2595107526e+00  2.7001232718e-01 -2.4330400054e+00 -8.6429474258e-02  3.5498614864e+00  3.4730165699e-01  8.6637893194e-02  4.8383099594e-01 -2.9310983579e+00  6.7412232955e+00  1.3654127648e-01 -2.4346580203e+00  2.3590573087e+00  3.4562223146e+00  3.1248328442e-01  2.5333388394e+00  6.1088440434e-01 -2.9345475959e+00  4.2919750762e+00  1.5447586472e+00 -1.1017638717e+00  8.0671695742e+00  2.7955936723e+00  7.8769867852e-01  4.4261272741e+00
ENERGY -9.229469332233e+02

JOB 13
COORDS  1.9110658022e+00 -1.0377886821e+00 -1.6024522222e-01  8.7442536285e-01 -1.7093740438e+00  4.9600573424e-01  2.8861739838e+00 -3.7727124032e-01  5.9414937923e-01  1.1212450035e+00 -2.1822110373e+00  6.2305255775e+00  8.1324193000e-01 -1.7187954840e+00  1.8907538739e+00  2.8238131188e+00 -3.8729048140e-01  1.9887942084e+00  1.1819078091e+00 -2.1745217916e+00  4.8364758645e+00  1.5984769655e+00 -1.0990184103e+00  6.9740573086e+00  2.2009346168e+00  1.3784924230e-02  4.8944069329e+00  1.7828766061e+00 -1.0524508686e+00  2.6617666373e+00  1.7291517812e+00 -1.0788016672e+00  4.1451978944e+00  2.1351470880e+00 -9.8597093434e-03  6.2859658547e+00  2.7277777669e+00  1.3753164139e+00  7.1942960226e+00  1.9592862981e+00 -1.0306322245e+00 -1.2459420959e+00  1.0655205576e-01 -2.2203541150e+00 -7.9199533697e-02  3.7039570587e+00  1.3747160184e-01  9.6365177184e-02  7.0699477603e-01 -3.0429261916e+00  6.7487562895e+00 -1.6000260715e-02 -2.2192593318e+00  2.3824349993e+00  3.6091642034e+00  1.0114376722e-01  2.5587418272e+00  8.3385479637e-01 -3.0416867458e+00  4.2839188007e+00  1.5556207059e+00 -1.0975288819e+00  8.0583818083e+00  2.5903873290e+00  8.9531057670e-01  4.3966346575e+00
ENERGY -9.229484849755e+02

JOB 14
COORDS  1.9117500958e+00 -1.0274500855e+00 -1.5938018117e-01  8.0232214563e-01 -1.5840340417e+00  4.8596839771e-01  2.9563352638e+00 -4.9223211869e-01  6.0187472356e-01  1.2346921858e+00 -2.2490606335e+00  6.2234971060e+00  7.3964456883e-01 -1.6059214805e+00  1.8811715718e+00  2.8916032271e+00 -5.1393315348e-01  1.9969361679e+00  1.2895635568e+00 -2.2390873059e+00  4.8286056275e+00  1.6005133859e+00 -1.1192367446e+00  6.9612287006e+00  2.0815720287e+00  4.6025264521e-02  4.8780149699e+00  1.7849248260e+00 -1.0753860717e+00  2.6565474456e+00  1.7099504169e+00 -1.0893605757e+00  4.1386937575e+00  2.0220062645e+00  1.8184170661e-02  6.2704225135e+00  2.4804078264e+00  1.4547166797e+00  7.1761706305e+00  1.9612270002e+00 -1.0097432609e+00 -1.2449450072e+00 -1.9402650729e-02 -1.9918167560e+00 -9.7246689111e-02  3.8254635718e+00 -6.3878874706e-02  1.0919794949e-01  9.1542076565e-01 -3.1464017060e+00  6.7468110067e+00 -1.3661879065e-01 -2.0171959022e+00  2.3754733315e+00  3.7170310655e+00 -1.1569052854e-01  2.5812794431e+00  1.0274344187e+00 -3.1329537046e+00  4.2697919853e+00  1.5621372322e+00 -1.1194732457e+00  8.0457989852e+00  2.3904580551e+00  9.5342856886e-01  4.3690063922e+00
ENERGY -9.229486454349e+02

JOB 15
COORDS  1.9139278157e+00 -1.0154651672e+00 -1.5810922847e-01  7.4319923192e-01 -1.4403874946e+00  4.7903039552e-01  3.0150650062e+00 -6.2122249587e-01  6.0952672398e-01  1.3735770388e+00 -2.2835740019e+00  6.2337433044e+00  6.7580374048e-01 -1.4740365758e+00  1.8745322644e+00  2.9464491533e+00 -6.5309704050e-01  2.0049189610e+00  1.4162901045e+00 -2.2798422720e+00  4.8376390444e+00  1.6179883435e+00 -1.1126390308e+00  6.9574123378e+00  1.9539021979e+00  7.9574995365e-02  4.8603410795e+00  1.7803512185e+00 -1.0916433592e+00  2.6528279085e+00  1.6962753894e+00 -1.0956750306e+00  4.1372228300e+00  1.9071697490e+00  5.8028734865e-02  6.2540934021e+00  2.2182139086e+00  1.5424212606e+00  7.1448381992e+00  1.9665458325e+00 -9.8844849873e-01 -1.2433923668e+00 -1.2114417409e-01 -1.7358500089e+00 -1.1028427229e-01  3.9286687147e+00 -2.9089727451e-01  1.2183113572e-01  1.1596027563e+00 -3.2054117590e+00  6.7680573393e+00 -2.4061282400e-01 -1.7880482462e+00  2.3679294477e+00  3.8062450055e+00 -3.5412068837e-01  2.5992175257e+00  1.2434388318e+00 -3.1984877542e+00  4.2838515793e+00  1.5886836339e+00 -1.1068085094e+00  8.0423127362e+00  2.1711033352e+00  1.0054184316e+00  4.3368982565e+00
ENERGY -9.229474228714e+02

JOB 16
COORDS  1.9126470148e+00 -1.0162274531e+00 -1.5599149841e-01  6.9609319524e-01 -1.2792263686e+00  4.8236419587e-01  3.0607507292e+00 -7.8709409089e-01  6.0966231314e-01  1.5329300994e+00 -2.3123556005e+00  6.2447607585e+00  6.2891140953e-01 -1.3160455670e+00  1.8785134933e+00  2.9925645280e+00 -8.2204171294e-01  2.0056723597e+00  1.5732877159e+00 -2.3113380562e+00  4.8478669039e+00  1.6273914497e+00 -1.1154110457e+00  6.9605730798e+00  1.8077948319e+00  9.7286474913e-02  4.8556223094e+00  1.7783251658e+00 -1.0974185842e+00  2.6530004908e+00  1.7017855179e+00 -1.1057792903e+00  4.1420287539e+00  1.7649322311e+00  7.8327608511e-02  6.2501883869e+00  1.8877448988e+00  1.5950496131e+00  7.1320563829e+00  1.9649808218e+00 -9.8675823967e-01 -1.2412712676e+00 -2.0217343232e-01 -1.4488329496e+00 -1.0589860133e-01  4.0094168071e+00 -5.8076840287e-01  1.2061842828e-01  1.4342588392e+00 -3.2502071910e+00  6.7849339464e+00 -3.1862243522e-01 -1.5108800047e+00  2.3745751827e+00  3.8849483831e+00 -6.4454601862e-01  2.6006335972e+00  1.5093323676e+00 -3.2462216477e+00  4.2980001845e+00  1.5980120074e+00 -1.1066972452e+00  8.0454977298e+00  1.9131276697e+00  1.0383320420e+00  4.3247949425e+00
ENERGY -9.229458175975e+02

JOB 17
COORDS  1.9021280975e+00 -1.0362968110e+00 -1.5561975172e-01  6.6727116701e-01 -1.1033710607e+00  4.9796582974e-01  3.0816661821e+00 -9.8953497994e-01  5.9482931478e-01  1.7067093756e+00 -2.3236662082e+00  6.2436176331e+00  6.1225557963e-01 -1.1235409782e+00  1.8952476467e+00  3.0262121919e+00 -1.0097217281e+00  1.9920411020e+00  1.7616368403e+00 -2.3127821488e+00  4.8469766542e+00  1.6222308434e+00 -1.1277524665e+00  6.9623866847e+00  1.6478961052e+00  1.0424209285e-01  4.8617089096e+00  1.7912002247e+00 -1.0771869095e+00  2.6538733323e+00  1.7327031871e+00 -1.0985959668e+00  4.1458371986e+00  1.5938623546e+00  7.5752487823e-02  6.2560227093e+00  1.4876039212e+00  1.5918918900e+00  7.1412592541e+00  1.9449369987e+00 -1.0199181476e+00 -1.2416098462e+00 -2.5332173364e-01 -1.1392447717e+00 -7.9046061024e-02  4.0447338543e+00 -9.3659196868e-01  9.3410359341e-02  1.7296213157e+00 -3.2680414785e+00  6.7809520936e+00 -3.4721650048e-01 -1.1748888197e+00  2.4037461663e+00  3.9424382156e+00 -9.7257507007e-01  2.5759343249e+00  1.8270577099e+00 -3.2458045212e+00  4.2942176034e+00  1.5792418932e+00 -1.1270514305e+00  8.0469020095e+00  1.6243593913e+00  1.0521988644e+00  4.3333232064e+00
ENERGY -9.229450665508e+02

JOB 18
COORDS  1.8875496517e+00 -1.0512086714e+00 -1.5641500579e-01  6.6849321837e-01 -9.1331643696e-01  5.1575933972e-01  3.0710269163e+00 -1.1887452202e+00  5.7651312009e-01  1.8791271508e+00 -2.3132713057e+00  6.2324822012e+00  6.3359796525e-01 -9.1015463555e-01  1.9134280494e+00  3.0350998335e+00 -1.1875431589e+00  1.9742777720e+00  1.9557371563e+00 -2.2794311863e+00  4.8376350007e+00  1.6123412511e+00 -1.1494207007e+00  6.9595243709e+00  1.4946811567e+00  9.5902758560e-02  4.8696358698e+00  1.8176335017e+00 -1.0384836922e+00  2.6556548496e+00  1.7730643706e+00 -1.0726723899e+00  4.1455982304e+00  1.4224081484e+00  4.4769534021e-02  6.2623004616e+00  1.0834789119e+00  1.5199518247e+00  7.1579228886e+00  1.9147118212e+00 -1.0537165065e+00 -1.2430103559e+00 -2.5601478144e-01 -8.1418194019e-01 -4.7418092267e-02  4.0219431515e+00 -1.2961968263e+00  6.0829130834e-02  2.0204704213e+00 -3.2518538258e+00  6.7618166017e+00 -3.1459569872e-01 -8.1167113714e-01  2.4359586503e+00  3.9549926026e+00 -1.2926942315e+00  2.5440263943e+00  2.1532486456e+00 -3.1894603014e+00  4.2779986858e+00  1.5499485905e+00 -1.1668126885e+00  8.0429450098e+00  1.3453687816e+00  1.0368827428e+00  4.3492903447e+00
ENERGY -9.229458268440e+02

JOB 19
COORDS  1.8779642150e+00 -1.0548566346e+00 -1.5685902801e-01  6.9484646229e-01 -7.4520442225e-01  5.2239148568e-01  3.0337596505e+00 -1.3574953636e+00  5.7101286473e-01  2.0351112042e+00 -2.2688337509e+00  6.2380657161e+00  6.6881843092e-01 -7.3529667237e-01  1.9196055650e+00  3.0070113406e+00 -1.3494726097e+00  1.9681847266e+00  2.1151954163e+00 -2.2309898005e+00  4.8441296267e+00  1.6171763329e+00 -1.1462172363e+00  6.9588508942e+00  1.3544348488e+00  6.6307415488e-02  4.8628302396e+00  1.8270618177e+00 -1.0272932529e+00  2.6580241702e+00  1.7857186150e+00 -1.0595287318e+00  4.1437948490e+00  1.2802078824e+00  1.0934109492e-02  6.2544338267e+00  7.5109626320e-01  1.4345282057e+00  7.1414520949e+00  1.8983573405e+00 -1.0629540328e+00 -1.2435374749e+00 -2.1070972067e-01 -5.2074888479e-01 -3.5486466158e-02  3.9576050434e+00 -1.5969439883e+00  5.0596882344e-02  2.2882902825e+00 -3.1810061037e+00  6.7718420191e+00 -2.5612006006e-01 -5.1160383606e-01  2.4451830014e+00  3.9087074840e+00 -1.5767809193e+00  2.5313855319e+00  2.4220496157e+00 -3.1142329018e+00  4.2909367892e+00  1.5501708714e+00 -1.1675088901e+00  8.0418850403e+00  1.0957740696e+00  9.8160796786e-01  4.3395247282e+00
ENERGY -9.229474403947e+02

JOB 20
COORDS  1.8845214680e+00 -1.0438033440e+00 -1.5970930964e-01  7.4293831486e-01 -6.0381415412e-01  5.1867799338e-01  2.9890887683e+00 -1.4956814162e+00  5.7030876601e-01  2.1742401235e+00 -2.2310936802e+00  6.2516902503e+00  7.0717593894e-01 -6.1445917024e-01  1.9149359956e+00  2.9521681699e+00 -1.5070412001e+00  1.9665073506e+00  2.2346862575e+00 -2.2058628176e+00  4.8571913082e+00  1.6446909962e+00 -1.1505489244e+00  6.9634020195e+00  1.2320906804e+00 -4.9720658866e-03  4.8551125355e+00  1.8123664720e+00 -1.0628142956e+00  2.6584295290e+00  1.7677294487e+00 -1.0902956136e+00  4.1416390383e+00  1.1778608698e+00 -4.6934203793e-02  6.2473579329e+00  5.1377469297e-01  1.3279172782e+00  7.1208293982e+00  1.9127166840e+00 -1.0355644969e+00 -1.2461565973e+00 -1.2431545121e-01 -2.6113193807e-01 -3.9916627613e-02  3.8833835218e+00 -1.8323508169e+00  5.2119563829e-02  2.5309965460e+00 -3.1027040136e+00  6.7939594188e+00 -1.9267289201e-01 -2.9462777215e-01  2.4339211648e+00  3.8224420623e+00 -1.8387971790e+00  2.5268039550e+00  2.6240089521e+00 -3.0638453256e+00  4.3167027481e+00  1.5925333938e+00 -1.1630109986e+00  8.0473181316e+00  8.8318426065e-01  8.7723717700e-01  4.3279415297e+00
ENERGY -9.229486477213e+02

JOB 21
COORDS  1.8950802162e+00 -1.0287898366e+00 -1.6067122574e-01  8.0187428230e-01 -4.7655891646e-01  5.1478976314e-01  2.9312633342e+00 -1.6134507943e+00  5.7462751855e-01  2.2938824361e+00 -2.1551520328e+00  6.2766364914e+00  7.4596710630e-01 -5.1018448493e-01  1.9093087604e+00  2.8737254558e+00 -1.6463382330e+00  1.9692408475e+00  2.3269167383e+00 -2.1565655716e+00  4.8817038118e+00  1.6691418216e+00 -1.1192902428e+00  6.9770488886e+00  1.1075306714e+00 -7.2486216138e-02  4.8510396616e+00  1.7773603220e+00 -1.1009347000e+00  2.6615884441e+00  1.7289932977e+00 -1.1180829508e+00  4.1453811169e+00  1.0816258536e+00 -8.7146943543e-02  6.2441091285e+00  3.0289594148e-01  1.2390049722e+00  7.0983182795e+00  1.9398712899e+00 -1.0020115993e+00 -1.2462083144e+00 -1.3038881437e-02 -2.5114974265e-02 -4.5239366151e-02  3.7926342782e+00 -2.0341262142e+00  6.2113199940e-02  2.7503459776e+00 -2.9721633032e+00  6.8290020238e+00 -1.2523785559e-01 -1.0353162797e-01  2.4151227751e+00  3.7039679172e+00 -2.0725344784e+00  2.5249837901e+00  2.7907614963e+00 -2.9886797637e+00  4.3610561215e+00  1.6383352856e+00 -1.1106453227e+00  8.0617633553e+00  6.7254356528e-01  7.6781319802e-01  4.3208663292e+00
ENERGY -9.229484876167e+02

JOB 22
COORDS  1.9065447123e+00 -1.0265699996e+00 -1.7172202297e-01  8.8790136724e-01 -3.5183983294e-01  5.0793059982e-01  2.8560075154e+00 -1.7426560648e+00  5.6331740068e-01  2.4125435998e+00 -2.0670723498e+00  6.2902061796e+00  8.1954917959e-01 -3.9593942778e-01  1.9010808049e+00  2.7856490244e+00 -1.7843295264e+00  1.9566629298e+00  2.4309130914e+00 -2.0844159633e+00  4.8956159343e+00  1.6845051499e+00 -1.0988389342e+00  6.9866018212e+00  9.9083326215e-01 -1.5411255825e-01  4.8511344084e+00  1.7593974203e+00 -1.1220681199e+00  2.6572113154e+00  1.7116182910e+00 -1.1353078037e+00  4.1449256150e+00  9.8034267514e-01 -1.5079830587e-01  6.2440275592e+00  6.8366872852e-02  1.0960933486e+00  7.0862522128e+00  1.9616497195e+00 -9.9178695614e-01 -1.2564971532e+00  1.3995391399e-01  2.0797939614e-01 -4.7628725718e-02  3.6630585140e+00 -2.2611841058e+00  5.2075747554e-02  2.9667077983e+00 -2.8189981377e+00  6.8455830414e+00 -7.1749147607e-04  1.1492430096e-01  2.3949528443e+00  3.5593839928e+00 -2.3179393190e+00  2.4986492086e+00  2.9847043634e+00 -2.8701571548e+00  4.3935419026e+00  1.6646131827e+00 -1.0772696952e+00  8.0713206479e+00  4.5782837648e-01  6.3046416575e-01  4.3275884308e+00
ENERGY -9.229469247765e+02

JOB 23
COORDS  1.8828774896e+00 -1.0503829256e+00 -1.8378085829e-01  1.0077918563e+00 -2.0965106340e-01  5.0955994045e-01  2.7171910401e+00 -1.9044016957e+00  5.4273844822e-01  2.5467122449e+00 -1.9532520903e+00  6.2965672253e+00  9.6934638521e-01 -2.2432081453e-01  1.9043124404e+00  2.6754810718e+00 -1.9158395003e+00  1.9374988221e+00  2.5905390630e+00 -1.9439128906e+00  4.9026564373e+00  1.6741262761e+00 -1.1151848167e+00  6.9947414427e+00  8.8343599470e-01 -2.5097088401e-01  4.8592320413e+00  1.8012636599e+00 -1.0769674580e+00  2.6562394865e+00  1.7601218999e+00 -1.0926428854e+00  4.1478339143e+00  8.5018604648e-01 -2.7071516214e-01  6.2513054390e+00 -2.6413080920e-01  8.0150142792e-01  7.0912649488e+00  1.9140270244e+00 -1.0401502795e+00 -1.2699710093e+00  3.5025326985e-01  4.6239741905e-01 -3.5843874879e-02  3.4052791879e+00 -2.5664457306e+00  2.3334150490e-02  3.2006090320e+00 -2.6220294190e+00  6.8498126538e+00  2.7467622309e-01  4.4522832643e-01  2.3985821517e+00  3.3404579103e+00 -2.5943594609e+00  2.4594332554e+00  3.2855358476e+00 -2.6138104592e+00  4.4108319642e+00  1.6331678801e+00 -1.1156393994e+00  8.0790265039e+00  2.1637717910e-01  4.2937799052e-01  4.3456004297e+00
ENERGY -9.229456123795e+02

