-4.147374037796899647e-06
-1.142361729859440741e-08
-1.836585092432919592e-08
2.518343820862862111e-06
-3.314896263618240246e-02
2.943584276710111545e-09
5.213183838654833229e-09
3.398253930149286537e-03
-2.631493224875897444e-09
-1.459498187103996057e-02
9.810710799441075481e-09
-8.953487902917553223e-08
-9.796604520617234868e-09
7.011106446620093968e-02
1.895799143914086375e-08
2.953889156389710724e-02
7.184965716153057073e-08
-6.211491825514563244e-07
-3.856102058163277903e-08
-2.190714480047338542e-02
-3.749336750710405869e-09
1.079940659356051075e-01
3.540359886406695666e-09
4.931548098490021919e-04
2.651855804946870487e-08
-1.160665439036944781e-02
9.883413932852716624e-09
-4.946066275952765027e-04
7.716576565130291848e-09
-6.300752739694184283e-08
2.141018093903797927e-08
6.875133417391821641e-08
