-4.350146301189439979e-06
-1.713192447415151070e-08
-4.049326449056771966e-09
2.882465342093714236e-06
-3.308763180053222314e-02
1.822537096149686856e-08
-4.033666372005722683e-09
3.402095752648760969e-03
9.493238261049705319e-09
-1.471032957992237690e-02
6.138129303035094374e-09
-1.114334572930339923e-07
-1.818184724130845470e-08
6.995367427677159911e-02
1.663104498643408868e-08
2.951677420292193876e-02
5.086316032612074914e-08
-6.241741471689808678e-07
-2.861168218701663893e-08
-2.189575444361185202e-02
1.706613168982734545e-08
1.076923854228610117e-01
-2.674003919334642962e-09
5.346318619373614757e-04
2.644611005894845000e-08
-1.176788191910296648e-02
-4.761516308427340455e-09
-6.043630358826638247e-04
2.862757174302419891e-08
-9.324928749398410804e-08
9.946876991848161697e-09
8.023476754995050613e-08
