-4.443348350977773049e-06
-1.284721905410029327e-08
-4.631500821560519978e-09
2.172842313516542125e-06
-3.308372003202185441e-02
2.369798448699756602e-08
7.459286144571794535e-09
3.403013172780340254e-03
3.554196313550070729e-08
-1.472012746425032000e-02
2.003146236419052509e-08
-1.060020892539823830e-07
-2.701637445207784421e-08
6.994474433264254165e-02
2.088214598471984148e-08
2.948242862021318439e-02
4.731409377773627779e-08
-6.204839415848379321e-07
-2.976537572294694757e-08
-2.189143786174507084e-02
2.079627950737219542e-08
1.077041879718320244e-01
-6.884989290910492759e-09
5.140608747529414090e-04
3.952583653651139013e-08
-1.172248661871446059e-02
-1.579417707237035524e-08
-6.262576024688182872e-04
1.490371515898971288e-08
-9.186910905619283934e-08
1.926113847368042551e-08
8.576312514286350366e-08
