-4.290736086677440231e-09
-2.632823216119036035e-06
2.514638156536690191e-06
-1.712571997249390276e-08
-9.427059146569718863e-09
-3.334549570265534640e-02
3.516345662374099727e-03
2.808660016415453538e-09
-1.844296862336144168e-08
1.215556002010971211e-07
-1.659148452210571306e-07
-1.473294845405113095e-02
5.471145223438872494e-08
7.811020124992231593e-08
3.213126571861134317e-02
6.605066554980833227e-02
-3.586194059963234605e-08
1.534421020792578833e-07
-2.428723427243954444e-02
-4.610128491423007229e-07
4.816770591435055840e-09
5.167476773955978531e-08
1.810630403404410275e-03
1.080451151018180095e-01
-1.344147699324419019e-08
7.928148057797227095e-08
-1.204370863543634783e-06
-3.673203485825114398e-03
5.290158757441267030e-09
7.127200770580528128e-08
-4.855602089444072743e-08
3.860250686951791296e-08
