-4.009160685639056803e-06
-5.768849936294028083e-08
-5.388872752982878917e-10
2.462868326059703375e-06
-3.301680986485941438e-02
9.683821841987087690e-09
-9.538032834252046652e-09
3.400112160671881455e-03
2.658349727091252322e-09
-1.478195765423635441e-02
-1.077347913519412510e-08
-8.095883614259032494e-08
-5.864584809514513213e-08
6.983525782669010307e-02
1.582494033458082508e-08
2.947392157489443776e-02
3.094815636341686255e-08
-6.548355694513431203e-07
-2.129051207218121473e-08
-2.186552479057645923e-02
-1.256258348812847191e-08
1.074461960135670441e-01
-3.564954544944228816e-08
6.098284739694860308e-04
4.432125626033763354e-08
-1.185033710462769264e-02
-2.317174701179597874e-08
-7.559785543049270772e-04
2.488970633327515386e-08
-1.216406098777787956e-07
1.220558834240265267e-08
1.045125989271893444e-07
