-1.366614772825968001e-02
-6.228741235744063396e-09
-1.657177975302593540e-08
1.693664413374202813e-04
-1.722143161637578260e-02
7.447300954399870552e-08
-9.167218343614947771e-09
2.436234721726729825e-03
3.068529579996722857e-08
-2.555481905567515491e-02
3.248474790970548889e-08
-2.031100087941215514e-07
-3.912210716536665478e-08
4.770423275888158871e-02
2.458402047309060556e-08
2.445228401886567066e-02
4.058617277386166746e-08
-1.044777248033571491e-02
-4.100324864256377266e-08
-2.180061403155746785e-02
-5.684027229871336741e-09
7.423589350392884034e-02
-2.842826401573289548e-08
3.778439137746543962e-03
7.313162056691063557e-08
-3.043400660782676764e-02
-2.175616096197845928e-08
-9.657546932957228325e-03
4.509185102869932238e-08
-1.614417034606130744e-02
1.623252702798757192e-08
3.043086326850062024e-07
