-4.425902000996615745e-09
-1.158918306038253759e-04
2.664700346302037407e-06
-1.480007602735166291e-08
3.687748940107136476e-09
-3.284177909236927345e-02
3.386906652425597779e-03
1.702357120740506616e-08
1.868377111058097038e-09
1.517446592305304593e-08
-1.104166729657467357e-07
-1.491564069485800011e-02
2.314874961926112617e-08
-1.416650416741271801e-08
2.943770657173746391e-02
6.953979735741433466e-02
-2.993909368803503696e-08
4.864684041483886665e-08
-2.186925592803616938e-02
-6.812401936626303173e-07
1.481644460029558760e-09
9.902912181971933928e-09
7.162381170432390422e-04
1.070009264075324623e-01
-1.448831268131829380e-08
2.684012591443931396e-08
-1.034986366085210432e-03
-1.202231214658232294e-02
9.221425209717375582e-09
1.952055611534415968e-08
9.442195378668839934e-08
-1.624309834780767758e-07
