-2.721394555282694015e-06
-1.952949941247056772e-09
5.010213012550621115e-10
2.698892499127132560e-06
-3.336127375461043348e-02
9.943919453808089273e-09
2.856524135778071200e-09
3.515921606377916172e-03
1.027831246356758610e-07
-1.474959320442872229e-02
-1.072620208789845381e-09
-1.405469621304528303e-07
7.698066305440028211e-08
6.602823856402573188e-02
4.677584755703009055e-08
3.212852091548991373e-02
1.681954172402879564e-07
-4.897210110434701893e-07
-3.484864498511665759e-08
-2.429985659976921855e-02
6.671902090921645147e-08
1.080697240150831628e-01
1.451839772240616295e-08
1.813407503170141790e-03
5.124592914157625156e-08
-3.625089554639195424e-03
-2.404159215445682863e-08
-1.187724773455594088e-06
6.263418484314084011e-08
4.005318568307593366e-08
8.110634830363174838e-10
-5.091757304073847901e-08
