-3.012648163751303481e-06
1.898928232288223888e-10
-1.216825284906439308e-08
2.616362744841582725e-06
-3.335244094952173610e-02
1.590978799183848032e-08
-9.695971375849463196e-09
3.512455463413978896e-03
1.186104682121194483e-07
-1.480583516893139474e-02
-1.069373575405178440e-08
-1.562084967036099049e-07
7.873082901421393461e-08
6.598977633312952396e-02
5.675387536221629197e-08
3.214704856764458163e-02
1.525804196779260404e-07
-4.759088393170808033e-07
-1.372695271446029426e-08
-2.429127773143975946e-02
4.677198210878128928e-08
1.080427490670148732e-01
1.808314965945017065e-09
1.817984700229326265e-03
9.571977360203931797e-08
-3.651081833603778484e-03
-3.302331347499951450e-08
-1.194776323908412936e-06
5.975406074888477748e-08
3.747417530530660174e-08
-4.955835811479505448e-09
-6.248974823537687519e-08
