4.484165681850702494e-09
-3.042506205596439569e-06
2.658604888148391484e-06
-2.362220287800148715e-08
6.260514435713104891e-09
-3.320928895366536543e-02
3.424066058161377105e-03
9.006245606214441100e-09
2.766956576788046714e-08
3.798171040504050371e-08
-1.024201068916353603e-07
-1.450657147093042595e-02
5.462420345924448397e-09
-2.205308033378320414e-09
2.960002327177638920e-02
7.025487841927212374e-02
-1.617826443832603651e-08
5.418590713221275045e-08
-2.194681085446164789e-02
-5.672094017181185089e-07
3.811168604845854637e-08
2.144529727505384897e-08
4.263140335079086446e-04
1.082507245591111528e-01
9.045411454771874818e-09
-3.018316133281645833e-09
-3.107408866142749408e-04
-1.152450073667113904e-02
-1.135637244988090884e-08
-7.511746056878636091e-09
8.649930949334930599e-08
-2.513339626445241252e-08
