-2.617798866684380669e-06
-1.168268376462111255e-08
-8.420993236210990277e-10
2.607610067137604333e-06
-3.339414853229462354e-02
1.546061962684370142e-08
-2.435876122851757432e-08
3.513617330553212102e-03
8.707634637155126976e-08
-1.474276571497601038e-02
-2.754744409197771644e-09
-1.527546002330965570e-07
7.472496901017930693e-08
6.602758053448268272e-02
5.068131584424248339e-08
3.211699815590948054e-02
1.709478264252420458e-07
-4.771555624687593759e-07
-2.985711730269238681e-08
-2.430379549777788792e-02
2.875640839698284286e-08
1.080940114226737608e-01
-3.851108846823750521e-09
1.796001214932050000e-03
6.894546821548087044e-08
-3.610685645373916397e-03
-1.189753263176774400e-08
-1.192087275065658279e-06
6.792946791942001132e-08
3.861717725896088270e-08
2.659899577242449909e-08
-3.912654256898143511e-08
