-1.037653285837689150e-07
-1.108192933204276732e-02
2.632831431694041646e-06
1.280018003168243188e-08
8.196824299978320378e-09
-2.218356105532346204e-02
2.907049902202889745e-03
2.095587378890103148e-08
8.613185744817107553e-09
-1.569993534153746922e-08
-7.297312140153512481e-08
-1.565985803328022799e-02
2.813897350608233965e-08
-9.826708410938183726e-09
2.917351161230813741e-02
6.818933631711324161e-02
7.113401893299841969e-08
4.215925986548949775e-08
-2.184615852456182894e-02
-8.826978445792484016e-07
1.547166031728389630e-08
-1.661910403408850167e-08
1.083261194637106855e-03
1.052699656389607386e-01
-3.080414632633165473e-08
4.505733618273490993e-08
-2.150276193958846390e-03
-1.242213124226679462e-02
-2.049061077392901045e-08
9.203943828009029891e-08
8.537513530840928383e-08
-3.782944362065860212e-07
