-6.872499060517089399e-03
-1.764776720499154416e-08
-2.206622022483382603e-09
2.967027779747893461e-06
-2.612009636540587459e-02
1.050463884456270224e-08
5.073629578161502761e-09
3.087872498459159117e-03
2.598661449563335745e-08
-1.570256052174331951e-02
9.985419800605480880e-09
-1.017849243874840065e-07
-2.172256801206686773e-08
6.818805548638683101e-02
1.903808108380794532e-08
2.918021732308648947e-02
7.320388188698758736e-08
-8.554952440649656372e-07
-1.881060207934967693e-08
-2.175202165101001658e-02
1.868792775774396988e-08
1.051753471456547268e-01
7.706200614831253162e-09
1.098186187502142629e-03
1.675266225566526098e-08
-1.255080987603139284e-02
2.694022278370869429e-09
-2.227670132717289586e-03
3.079597580351092064e-08
-3.969198824349567972e-07
6.621112666016363727e-10
9.270173887984967152e-08
