-2.711566009226657813e-06
-9.094524409076357040e-09
1.024855447712524983e-09
2.268291331859790906e-06
-3.332898986055959217e-02
1.610562356902407250e-08
4.767898754261042318e-11
3.510678303431427703e-03
1.337057038545844322e-07
-1.474290137098799476e-02
-1.988292155225783323e-08
-1.566020839151224037e-07
6.797370532299179359e-08
6.602355856918573629e-02
4.453186765752247941e-08
3.217115553279634860e-02
1.616723505085900996e-07
-4.816152730633773338e-07
-2.955283004933374531e-08
-2.429616929242246412e-02
4.688059513234614646e-08
1.080568863281957531e-01
3.060005671124897399e-10
1.798418008937173029e-03
6.116308861419807374e-08
-3.686385455857459775e-03
-1.908103705648959917e-08
-1.195308967240306039e-06
6.322497080746962223e-08
3.041495216735700394e-08
3.337768561502004006e-09
-5.189843738886228077e-08
