-7.734229849446590247e-06
-6.488204681117028001e-08
5.278096348030592932e-08
2.854735622903360856e-06
-3.314177468862977705e-02
1.735022036058557235e-08
5.437308296040585836e-08
3.391605146776231153e-03
1.607855245086319442e-08
-1.458763386566963409e-02
7.292019945905922122e-08
-5.847780508895424536e-08
-4.554865775405961288e-08
7.020056165211228938e-02
-1.128000818513024237e-08
2.948618316611948884e-02
1.410444677804642860e-07
-6.716834512329503277e-07
-1.675090948863257120e-08
-2.190299179453765802e-02
-4.171187935446026736e-08
1.079302134934156665e-01
3.169012298881223403e-08
5.066187566097017777e-04
1.581288549136692666e-07
-1.163575015226653124e-02
-1.700837430847880083e-08
-4.493961944287682428e-04
4.632779160533409344e-08
-9.080893608358567000e-08
-2.135485675683182842e-08
1.180862844946054084e-07
