-2.761528089920758995e-06
-1.106398210751265608e-08
-1.691548937988024452e-09
2.492684915222921171e-06
-3.336052456962264323e-02
1.276594529410772356e-08
3.717310650374929599e-09
3.514971007924357332e-03
1.303666142608963598e-07
-1.474562840674569983e-02
-1.629084764280027157e-08
-1.614531265200914549e-07
7.639147059574968799e-08
6.602754018373978295e-02
4.693588929085475434e-08
3.212885554409369848e-02
1.670545229840326079e-07
-4.674879310940619746e-07
-2.655686867807430765e-08
-2.430046904830449744e-02
4.818687132238898030e-08
1.080652482548222493e-01
8.272714088013875537e-09
1.817325956627578645e-03
7.432790224479259201e-08
-3.624442939833853392e-03
-1.306038368735686267e-08
-1.192789463974131339e-06
6.458026549078141967e-08
4.096421587996353133e-08
5.323611533919307448e-09
-4.576125769921087602e-08
