-7.714755638609292434e-06
-1.732129042403523815e-08
8.864456791688370945e-09
2.475619596700916375e-06
-3.307922407743304344e-02
2.219509585867505287e-08
-6.156968346841386822e-09
3.410086630445926907e-03
1.406745983264564786e-08
-1.471762550799065802e-02
1.500371618540221640e-08
-1.027344560238700883e-07
-2.183160727973866959e-08
6.998672874333802807e-02
3.660511397765784420e-08
2.945283893826197708e-02
2.913650449136360640e-08
-6.437847306803447684e-07
-3.841346971357965911e-08
-2.184763249173924879e-02
2.079739851185216197e-08
1.076338684243064725e-01
2.468161192452850511e-08
5.659219035254595739e-04
1.440627943963729702e-08
-1.178506904001581056e-02
-2.608810576342363409e-08
-6.458109704182568448e-04
6.348668489058147187e-09
-9.046352715606220746e-08
3.485095630817674305e-09
7.555700193213973062e-08
