-2.806868485200364258e-09
-2.829618825667938817e-06
2.292800141043597499e-06
-1.713858390638372355e-08
1.573475037932115118e-09
-3.335626400423043203e-02
3.520097595415369596e-03
9.855033443342780429e-09
-1.357504492328059158e-08
1.268512969025953610e-07
-1.687096937287561299e-07
-1.468912374642780509e-02
4.357020465156744665e-08
7.830727014392045438e-08
3.211728457159087474e-02
6.607065271172429810e-02
-3.073689512409373690e-08
1.623494949537825893e-07
-2.432583633608371293e-02
-4.651427849547467213e-07
9.528546207642149388e-09
5.182769459358890477e-08
1.827061465949541370e-03
1.079913921874639665e-01
-1.249119401081449294e-08
7.209566516388405534e-08
-1.189114887773195899e-06
-3.707555145915395617e-03
1.071222366102998154e-08
6.628727603233386666e-08
-4.786803422033769438e-08
3.939244352135106062e-08
