-1.223665418751070100e-02
2.057343610871224676e-09
-2.159863845399963178e-08
2.755531193202673059e-06
-2.031024670211138694e-02
3.730744092508832287e-08
-2.073332920797696271e-09
2.851999480377875526e-03
8.943209624690105530e-09
-1.735483823486990221e-02
-5.614366937936829094e-09
-1.526065591504725175e-07
-2.809449141561688321e-08
6.474783542938755687e-02
4.776948882695125110e-08
2.844418779396844579e-02
3.807456552738481402e-08
-2.443998749851202291e-06
-1.610233626175744564e-08
-2.168166018700576000e-02
2.118219902800923345e-08
9.896879281740719736e-02
-3.954422981536584973e-08
2.249019987543952534e-03
-1.914004293463016130e-08
-1.517834243122862144e-02
1.727071433341330193e-09
-5.385107377095298652e-03
3.888335062936089571e-08
-4.999443883062780784e-04
-2.144056806706199509e-08
1.317375806469220189e-07
